"max_corr","min_beta","s_null","s_alt","null_intersection","alt_intersection","null","alt","pval_OLS","pval_lasso","pval_lasso_beta","pval_full","pval_full_lasso"
0.419182313548507,0.374402819638091,5,11,5,5,TRUE,TRUE,0.02,0.02,0.06,0.48,0.86
0.478163064229009,0.0570315112971127,7,12,4,4,FALSE,FALSE,0.02,0.04,0.04,0.78,0.92
0.536587004022347,0.0483215958929832,3,12,2,4,FALSE,FALSE,0.02,0.04,0.02,0.4,0.08
0.545443174235949,0.0313119903469681,8,12,4,4,FALSE,FALSE,0.02,0.04,0.02,0.42,0.92
0.493271075084196,0.436671548250057,10,12,4,4,FALSE,FALSE,0.04,0.02,0.04,0.68,0.64
0.386024128357999,0.184231848996185,17,16,4,5,FALSE,TRUE,0.04,0.02,0.02,0.8,1
0.38736398013249,0.0387853542499603,6,12,4,4,FALSE,FALSE,0.04,0.02,0.04,0.96,0.96
0.486102999916248,0.202470533110637,3,12,3,4,FALSE,FALSE,0.02,0.02,0.02,0.72,0.54
0.515358068834654,0.422292832247193,4,11,3,4,FALSE,FALSE,0.04,0.02,0.04,0.08,0.34
0.43816236410981,0.0109393341176638,15,16,4,4,FALSE,FALSE,0.04,0.04,0.02,1,1
0.441622794608789,1.03069528434068,8,12,5,5,TRUE,TRUE,0.04,0.04,0.02,0.62,0.64
0.470758197932052,0.254444826609577,16,14,5,5,TRUE,TRUE,0.04,0.04,0.02,0.82,0.5
0.448726122121156,0.290895416519197,12,14,5,5,TRUE,TRUE,0.02,0.04,0.04,0.74,0.96
0.439263706339753,0.0454376985903457,4,13,3,4,FALSE,FALSE,0.02,0.04,0.02,0.64,0.94
0.438881057208137,0.0686440519704394,5,11,4,4,FALSE,FALSE,0.04,0.02,0.04,1,0.88
0.41767856435845,1.19911715886937,11,13,5,5,TRUE,TRUE,0.04,0.06,0.04,0.2,1
0.405832833454343,0.0191732728825977,4,11,1,2,FALSE,FALSE,0.04,0.04,0.04,0.88,0.74
0.433358441046842,0.0430420490337413,6,16,4,5,FALSE,TRUE,0.02,0.02,0.02,0.54,0.88
0.456628222872986,0.265167866636747,4,11,4,5,FALSE,TRUE,0.04,0.04,0.02,0.78,0.7
0.522423999018034,0.0999399686203137,6,13,4,4,FALSE,FALSE,0.04,0.06,0.06,1,1
0.417423260617958,0.495686099655625,5,12,5,5,TRUE,TRUE,0.04,0.04,0.04,0.98,0.96
0.427382889678193,0.067707970292135,8,12,4,4,FALSE,FALSE,0.04,0.04,0.06,0.96,0.88
0.51907406311534,0.60817703662925,11,15,5,5,TRUE,TRUE,0.1,0.04,0.04,0.92,0.72
0.412501811933589,0.475008184742579,13,13,5,5,TRUE,TRUE,0.04,0.02,0.06,1,1
0.431465377641571,0.0594020114176952,5,11,4,4,FALSE,FALSE,0.06,0.04,0.02,0.9,0.82
0.47737376223139,0.258093110677639,4,12,4,4,FALSE,FALSE,0.02,0.04,0.04,0.96,0.94
0.387595868803932,0.111627135243836,2,12,2,4,FALSE,FALSE,0.02,0.04,0.04,0.5,0.4
0.48857905250082,0.729952595157116,5,11,5,5,TRUE,TRUE,0.02,0.04,0.04,0.36,0.1
0.621297828701432,0.313026567248051,15,17,4,4,FALSE,FALSE,0.04,0.04,0.04,0.78,0.94
0.501041064758874,0.0284719052543299,3,14,3,5,FALSE,TRUE,0.04,0.04,0.04,0.94,0.92
0.435717491998014,0.21830019573831,4,12,4,4,FALSE,FALSE,0.04,0.04,0.04,0.32,0.44
0.515087174965353,0.522148898012696,14,14,5,5,TRUE,TRUE,0.02,0.04,0.04,0.24,0.78
0.457960202336378,0.103835131413701,5,11,4,5,FALSE,TRUE,0.02,0.04,0.04,0.42,0.9
0.474635971839148,0.323722315797173,9,12,5,5,TRUE,TRUE,0.04,0.04,0.02,0.36,0.4
0.473791905360682,0.297755041609763,10,12,5,5,TRUE,TRUE,0.06,0.06,0.04,0.94,0.82
0.474280562932903,0.00488100038265049,8,13,3,4,FALSE,FALSE,0.06,0.04,0.06,0.96,0.7
0.458435389709585,0.613425358103699,14,13,5,5,TRUE,TRUE,0.04,0.04,0.04,0.68,0.6
0.498181511359144,0.207573598058733,8,12,4,4,FALSE,FALSE,0.04,0.02,0.02,0.52,0.58
0.444321466488771,0.0137102461540448,6,12,3,3,FALSE,FALSE,0.04,0.04,0.04,0.38,0.9
0.411294316049623,0.455341218670591,11,16,5,5,TRUE,TRUE,0.04,0.02,0.02,0.42,0.34
0.374542580989355,0.0853719408058942,4,11,4,4,FALSE,FALSE,0.04,0.04,0.02,0.84,1
0.49548371001097,0.19472411845406,11,13,4,5,FALSE,TRUE,0.04,0.02,0.02,0.68,0.92
0.40478663339826,0.670635945045454,9,12,5,5,TRUE,TRUE,0.04,0.04,0.04,0.94,0.96
0.489415991328367,0.122135029501302,3,12,3,4,FALSE,FALSE,0.02,0.02,0.04,0.08,0.34
0.509073978222293,0.630488768020101,25,17,5,5,TRUE,TRUE,0.04,0.06,0.08,1,0.98
0.482765385190977,0.514802201436567,5,11,5,5,TRUE,TRUE,0.02,0.04,0.04,0.88,0.98
0.381172766702476,0.306487470806901,11,15,4,4,FALSE,FALSE,0.02,0.04,0.04,0.7,0.66
0.434685119049235,0.651909302826304,5,12,5,5,TRUE,TRUE,0.04,0.02,0.02,0.7,0.9
0.551740384895633,0.106780182153517,5,11,4,5,FALSE,TRUE,0.04,0.02,0.02,0.42,0.62
0.410876617422311,0.174814819442453,17,16,4,4,FALSE,FALSE,0.04,0.04,0.04,0.88,0.86
0.430205147833892,0.418565658633983,7,12,4,5,FALSE,TRUE,0.04,0.02,0.04,0.38,0.7
0.486443824450905,0.0629094972007853,4,11,4,4,FALSE,FALSE,0.04,0.04,0.04,0.22,0.48
0.448863913231936,0.442888159332969,7,12,5,5,TRUE,TRUE,0.02,0.02,0.04,0.44,0.9
0.532692953094169,0.295632220220636,6,14,4,5,FALSE,TRUE,0.02,0.02,0.02,0.78,0.52
0.490321243416993,0.318740577040715,5,12,5,5,TRUE,TRUE,0.02,0.04,0.02,0.72,0.46
0.380674912225204,0.27363838276751,6,12,5,5,TRUE,TRUE,0.04,0.06,0.06,0.3,0.68
0.497344920832052,0.213286941024401,5,11,5,5,TRUE,TRUE,0.04,0.04,0.04,0.78,0.6
0.442732725364101,0.116980603973373,2,11,1,2,FALSE,FALSE,0.04,0.04,0.02,0.64,0.5
0.389983144385917,0.37078278444773,6,12,5,5,TRUE,TRUE,0.04,0.04,0.04,0.76,0.92
0.438620660902532,0.35391636416656,31,17,5,5,TRUE,TRUE,0.06,0.04,0.06,0.72,1
0.37800825412043,0.589761205639302,9,12,5,5,TRUE,TRUE,0.04,0.02,0.04,0.76,0.92
0.513686546838654,0.313689020752747,6,12,5,5,TRUE,TRUE,0.06,0.04,0.04,0.92,1
0.411757466671575,0.160540497254679,6,12,4,5,FALSE,TRUE,0.02,0.02,0.04,0.88,0.86
0.404786133583792,0.194253496919928,10,13,4,5,FALSE,TRUE,0.02,0.04,0.04,0.28,0.88
0.411996360337265,0.141865049839935,2,13,2,3,FALSE,FALSE,0.04,0.02,0.04,0.7,0.48
0.483784266852569,0.320548358064624,7,14,5,5,TRUE,TRUE,0.04,0.04,0.04,0.98,0.8
0.437261317303863,0.233999231986664,8,13,4,4,FALSE,FALSE,0.02,0.04,0.02,0.78,1
0.426286346465548,0.0162179058821228,7,13,4,4,FALSE,FALSE,0.02,0.04,0.06,1,1
0.41950720481137,0.433354031792292,13,13,5,5,TRUE,TRUE,0.04,0.02,0.02,0.24,0.4
0.476000652758107,0.212879601930956,4,12,4,5,FALSE,TRUE,0.04,0.04,0.04,0.1,0.18
0.383730972187351,0.258915206849194,15,15,4,4,FALSE,FALSE,0.04,0.04,0.04,0.12,0.9
0.480085282126035,0.0431615693908198,5,14,4,4,FALSE,FALSE,0.02,0.04,0.04,0.46,0.38
0.468401279423189,0.432840218309025,9,14,5,5,TRUE,TRUE,0.04,0.04,0.04,0.64,0.78
0.490796658669839,0.336740295878141,16,14,5,5,TRUE,TRUE,0.02,0.04,0.02,0.22,0.74
0.416408200358012,0.20743566452214,12,13,5,5,TRUE,TRUE,0.04,0.04,0.02,0.16,0.12
0.428847540158867,0.113996212303455,8,14,5,5,TRUE,TRUE,0.04,0.02,0.04,0.48,0.38
0.375373097041495,0.554757666631973,6,13,5,5,TRUE,TRUE,0.04,0.04,0.04,0.78,0.66
0.45326282174092,0.0516773235865129,2,13,2,2,FALSE,FALSE,0.04,0.04,0.02,0.82,0.82
0.413436980608368,0.960142823799911,5,11,5,5,TRUE,TRUE,0.06,0.04,0.04,0.78,0.22
0.475199191241909,0.583776735101259,15,14,5,5,TRUE,TRUE,0.02,0.04,0.04,0.66,0.96
0.420776690962178,0.0267995702042971,8,12,3,3,FALSE,FALSE,0.04,0.02,0.02,0.26,0.44
0.532479827668842,0.0109189223198074,4,11,3,3,FALSE,FALSE,0.04,0.04,0.04,0.22,0.16
0.514750318679339,0.52833907443437,9,12,5,5,TRUE,TRUE,0.04,0.04,0.04,0.96,0.96
0.510485864272502,0.23372604991659,6,13,4,5,FALSE,TRUE,0.04,0.04,0.02,0.9,0.84
0.509928797687676,0.128717383084171,10,13,5,5,TRUE,TRUE,0.02,0.04,0.02,0.88,0.86
0.541270345552975,0.60651040499894,11,16,5,5,TRUE,TRUE,0.04,0.04,0.02,0.64,0.56
0.433195338256579,0.728464273624255,9,13,5,5,TRUE,TRUE,0.04,0.04,0.04,0.46,0.92
0.398597490929573,0.366932305582315,7,12,5,5,TRUE,TRUE,0.04,0.04,0.04,0.98,0.94
0.529387134484403,0.136621798485828,6,13,5,5,TRUE,TRUE,0.04,0.04,0.04,0.64,0.82
0.40204309000092,0.0924548290741172,3,12,3,3,FALSE,FALSE,0.04,0.02,0.04,0.38,0.44
0.403085907992462,0.389503067596033,6,12,5,5,TRUE,TRUE,0.04,0.04,0.04,0.2,0.64
0.552800546382602,0.0139626727682154,4,11,3,4,FALSE,FALSE,0.04,0.04,0.04,1,1
0.442717544326771,0.201711560123601,5,12,3,4,FALSE,FALSE,0.06,0.04,0.04,0.62,0.34
0.485305212587839,0.745395645276246,7,12,5,5,TRUE,TRUE,0.04,0.02,0.04,0.58,0.68
0.518852417154665,0.115370253100296,2,12,2,4,FALSE,FALSE,0.02,0.04,0.04,0.66,0.76
0.428467317280011,0.695449594560432,8,12,5,5,TRUE,TRUE,0.04,0.02,0.04,1,0.98
0.464316972186807,0.0790637238987846,5,11,4,4,FALSE,FALSE,0.04,0.04,0.02,0.78,1
0.438099485220827,0.631795946372104,8,12,5,5,TRUE,TRUE,0.04,0.04,0.04,1,0.94
0.433722240222501,0.0388752985946046,4,12,3,3,FALSE,FALSE,0.04,0.04,0.04,0.34,0.6
0.440703820037434,0.251371894098202,4,12,4,5,FALSE,TRUE,0.02,0.02,0.04,0.34,0.3
0.527433772883956,0.0836404118214744,10,13,4,4,FALSE,FALSE,0.02,0.04,0.02,0.86,0.98
0.406102087964843,0.0415958735747131,3,11,3,4,FALSE,FALSE,0.04,0.04,0.04,0.86,0.88
0.543842767599219,0.357812823361034,6,12,4,5,FALSE,TRUE,0.02,0.04,0.04,0.34,0.32
0.443555694461069,0.141481389624097,24,16,4,5,FALSE,TRUE,0.04,0.04,0.06,0.8,0.66
0.455938530390483,0.00633658126881587,4,12,3,3,FALSE,FALSE,0.02,0.04,0.04,0.34,0.36
0.39063176410807,0.249817929221813,9,12,5,5,TRUE,TRUE,0.04,0.04,0.04,0.9,0.98
0.541095631656799,1.54577641690185,10,12,5,5,TRUE,TRUE,0.06,0.04,0.04,0.64,0.3
0.548563474233154,0.550467497319272,16,14,5,5,TRUE,TRUE,0.04,0.04,0.04,0.5,0.58
0.462781758654975,0.177272703701798,6,12,4,4,FALSE,FALSE,0.04,0.02,0.04,0.84,0.84
0.416146633814068,0.335496087973748,14,14,5,5,TRUE,TRUE,0.04,0.02,0.04,0.94,0.96
0.524950037673768,0.452460842698779,4,13,4,5,FALSE,TRUE,0.04,0.04,0.04,0.38,0.52
0.560687584839113,0.115469723944017,4,11,3,4,FALSE,FALSE,0.02,0.04,0.04,0.92,1
0.386572760703958,0.0131521249971449,2,12,1,2,FALSE,FALSE,0.02,0.04,0.04,0.84,0.78
0.436496939653994,1.08362582637793,8,14,5,5,TRUE,TRUE,0.04,0.04,0.04,0.68,0.86
0.562305189295202,0.526311278686102,12,14,5,5,TRUE,TRUE,0.04,0.02,0.02,0.82,0.98
0.405595035897777,1.26581060124762,6,13,5,5,TRUE,TRUE,0.04,0.04,0.04,0.62,0.86
0.402641380903772,0.905839084744111,15,16,5,5,TRUE,TRUE,0.06,0.02,0.04,1,0.84
0.466225657725529,0.668223737503993,6,14,5,5,TRUE,TRUE,0.02,0.02,0.02,0.68,0.2
0.510927750073456,0.610180354425105,8,12,5,5,TRUE,TRUE,0.04,0.04,0.04,0.46,0.26
0.402011383369674,0.534700901065438,10,14,5,5,TRUE,TRUE,0.04,0.06,0.04,0.68,0.96
0.450068843055376,0.0807537587352058,26,16,4,4,FALSE,FALSE,0.04,0.06,0.06,0.72,0.92
0.41823014300738,0.975680337041037,12,13,5,5,TRUE,TRUE,0.04,0.02,0.04,0.86,1
0.385334739399815,0.163721996837802,5,12,4,4,FALSE,FALSE,0.04,0.04,0.04,0.16,0.14
0.470734026880284,0.859863776446242,10,12,5,5,TRUE,TRUE,0.06,0.04,0.04,0.92,0.9
0.552039038236339,0.2803713358746,5,13,4,4,FALSE,FALSE,0.04,0.04,0.02,0.7,0.86
0.492600250671144,0.447598943743059,11,13,5,5,TRUE,TRUE,0.04,0.02,0.04,0.74,0.54
0.439238964485785,1.2882075086113,7,12,5,5,TRUE,TRUE,0.02,0.02,0.02,0.14,0.54
0.458322226961344,0.554209378379292,10,12,5,5,TRUE,TRUE,0.04,0.04,0.04,1,1
0.517151098899997,0.633114441225259,5,11,5,5,TRUE,TRUE,0.06,0.04,0.06,0.74,0.66
0.47730070716977,0.0155200993707822,16,15,3,3,FALSE,FALSE,0.04,0.04,0.04,0.94,1
0.521530134728082,0.400367766450275,41,21,5,5,TRUE,TRUE,0.08,0.02,0.34,1,0.58
0.492627292315442,0.629472394224782,10,12,5,5,TRUE,TRUE,0.04,0.04,0.04,0.44,0.6
0.545726972831093,0.572851545911543,11,13,5,5,TRUE,TRUE,0.06,0.04,0.04,0.52,0.56
0.455020524934205,0.189782826107654,4,14,4,4,FALSE,FALSE,0.02,0.04,0.04,0.34,0.78
0.546947349504513,0.242624332771139,3,12,3,4,FALSE,FALSE,0.02,0.04,0.04,0.42,0.38
0.439394482543135,0.506494595052413,10,12,5,5,TRUE,TRUE,0.04,0.04,0.02,0.32,0.38
0.413440997609405,0.354589227064177,6,14,4,4,FALSE,FALSE,0.04,0.04,0.04,0.78,0.8
0.529383467728014,0.0619091710255264,3,13,3,3,FALSE,FALSE,0.04,0.02,0.04,0.94,0.96
0.427203599389298,0.568515375780686,8,15,5,5,TRUE,TRUE,0.04,0.02,0.06,0.62,0.78
0.463677586599101,0.307294728215156,8,12,4,4,FALSE,FALSE,0.04,0.02,0.04,1,0.98
0.453892544090726,0.646551614273976,11,13,5,5,TRUE,TRUE,0.04,0.02,0.04,1,1
0.457351928522825,0.534497174242374,17,15,5,5,TRUE,TRUE,0.04,0.02,0.04,0.92,0.98
0.499766321599299,0.811873162367758,8,15,5,5,TRUE,TRUE,0.02,0.02,0.04,0.12,0.7
0.478530306643028,0.64448884456737,11,14,5,5,TRUE,TRUE,0.04,0.04,0.02,0.64,0.66
0.509835162773782,0.700176042885663,17,17,5,5,TRUE,TRUE,0.04,0.06,0.04,0.9,0.98
0.493963940817161,0.227346702313077,4,13,4,4,FALSE,FALSE,0.06,0.04,0.06,0.72,0.4
0.47521719656828,0.580089704286926,13,13,5,5,TRUE,TRUE,0.06,0.04,0.04,0.94,1
0.437073405082366,1.19819506006887,28,18,5,5,TRUE,TRUE,0.08,0.06,0.04,0.7,0.66
0.484497931492814,0.199317775074881,4,14,4,4,FALSE,FALSE,0.04,0.04,0.02,0.88,0.66
0.488451783379758,0.924310249336188,12,13,5,5,TRUE,TRUE,0.08,0.04,0.06,0.16,0.96
0.4243207188421,0.0119612623210861,5,11,4,4,FALSE,FALSE,0.04,0.02,0.04,0.98,0.62
0.458391487586839,0.777782378201079,13,14,5,5,TRUE,TRUE,0.04,0.04,0.04,1,0.96
0.448507343603031,0.199886582227519,8,13,3,5,FALSE,TRUE,0.04,0.02,0.04,0.92,0.78
0.396373330492988,0.0770545890618473,8,12,4,4,FALSE,FALSE,0.04,0.04,0.02,0.78,0.42
0.492929163831451,0.400042409824399,4,12,4,4,FALSE,FALSE,0.04,0.02,0.04,0.38,0.18
0.408320740798789,0.150991885784621,4,11,4,4,FALSE,FALSE,0.04,0.04,0.04,0.7,0.66
0.408910071598889,0.300865852874727,12,15,5,5,TRUE,TRUE,0.04,0.02,0.02,0.54,0.78
0.433879109133276,0.285121579492765,5,11,4,5,FALSE,TRUE,0.04,0.04,0.04,0.54,0.84
0.446176057311467,0.442888568183599,7,13,5,5,TRUE,TRUE,0.06,0.04,0.04,0.84,0.38
0.502002515176075,0.119238102063892,3,12,3,4,FALSE,FALSE,0.02,0.04,0.02,0.78,0.44
0.442010196132804,0.348996852662262,15,14,5,5,TRUE,TRUE,0.04,0.04,0.02,0.96,0.96
0.559221711550722,0.142172803536976,6,12,4,4,FALSE,FALSE,0.02,0.04,0.04,0.78,0.58
0.553952487821712,0.101006267827308,3,12,3,3,FALSE,FALSE,0.04,0.04,0.04,0.68,0.62
0.562611350988313,0.510600177153209,5,15,5,5,TRUE,TRUE,0.02,0.04,0.02,0.56,0.38
0.452128378904151,0.0222641994783079,8,12,3,3,FALSE,FALSE,0.06,0.04,0.02,0.98,0.76
0.456330846090848,0.182785249785365,5,11,4,5,FALSE,TRUE,0.04,0.04,0.04,0.34,0.84
0.480765715639738,0.488955759839806,6,14,5,5,TRUE,TRUE,0.02,0.02,0.04,0.38,0.72
0.42850605899096,0.119503588615159,13,14,4,5,FALSE,TRUE,0.02,0.04,0.04,0.54,0.78
0.436872182348,0.219903697664842,16,16,4,5,FALSE,TRUE,0.08,0.02,0.02,1,1
0.490926570913772,0.353553449162076,5,12,3,5,FALSE,TRUE,0.04,0.04,0.04,0.9,0.56
0.43484524369683,0.185795500559142,4,12,3,4,FALSE,FALSE,0.02,0.04,0.04,0.54,0.48
0.414059331939011,0.604122421158818,10,14,5,5,TRUE,TRUE,0.04,0.02,0.02,0.48,0.96
0.442536849786206,1.27178075456303,9,15,5,5,TRUE,TRUE,0.04,0.04,0.04,0.36,0.86
0.385421156016487,0.217967856055432,5,13,4,5,FALSE,TRUE,0.04,0.04,0.04,1,0.96
0.474533295288455,0.267120256917787,3,12,3,4,FALSE,FALSE,0.02,0.04,0.04,0.5,0.42
0.390225973695191,0.336398683947261,4,13,4,4,FALSE,FALSE,0.02,0.04,0.02,0.82,0.54
0.442036206419721,0.318543959003208,17,14,5,5,TRUE,TRUE,0.06,0.04,0.06,0.36,0.96
0.366947843132499,0.0673050410112943,3,11,3,3,FALSE,FALSE,0.04,0.02,0.02,0.12,0.1
0.446865332276408,0.0603260399186554,4,11,4,4,FALSE,FALSE,0.04,0.02,0.04,0.52,0.62
0.441661350400467,0.311626368392791,8,14,5,5,TRUE,TRUE,0.02,0.04,0.02,0.7,0.38
0.432934929763756,0.812282596005774,5,12,5,5,TRUE,TRUE,0.04,0.04,0.02,0.24,0.86
0.467184834533199,0.186336335436897,4,13,4,4,FALSE,FALSE,0.04,0.04,0.04,0.92,0.9
0.432238853955501,0.0860699373070495,7,12,3,4,FALSE,FALSE,0.04,0.04,0.04,0.48,0.84
0.452823922486051,0.216768634758861,4,12,4,5,FALSE,TRUE,0.04,0.04,0.04,0.62,0.4
0.405341484660802,0.547870194995077,5,11,5,5,TRUE,TRUE,0.04,0.02,0.04,0.7,0.74
0.461053695553621,0.0666312318898961,3,11,3,4,FALSE,FALSE,0.02,0.02,0.02,0.52,0.68
0.448401881334919,0.0797963059967455,4,12,4,4,FALSE,FALSE,0.04,0.04,0.04,0.64,0.82
0.500949493115436,0.021042682318221,18,16,4,4,FALSE,FALSE,0.02,0.04,0.04,0.78,0.98
0.466953550426132,0.88481754065539,8,15,5,5,TRUE,TRUE,0.04,0.04,0.04,0.32,0.8
0.377627224373829,0.0588753382316953,6,15,4,4,FALSE,FALSE,0.02,0.04,0.04,0.9,0.26
0.430853888816177,0.62537816494672,8,12,5,5,TRUE,TRUE,0.04,0.04,0.04,0.82,0.96
0.428015782288387,0.220106315282666,6,13,5,5,TRUE,TRUE,0.04,0.04,0.04,0.98,0.98
0.420056022358638,0.221123702356995,3,13,3,5,FALSE,TRUE,0.04,0.02,0.04,0.42,0.5
0.489229570152856,0.496385764155592,7,12,5,5,TRUE,TRUE,0.04,0.04,0.04,0.42,0.58
0.429459769327983,0.0030551982660505,3,11,3,3,FALSE,FALSE,0.02,0.04,0.02,0.06,0.44
0.45257119448163,0.168829767759096,6,12,4,4,FALSE,FALSE,0.02,0.04,0.02,0.58,0.74
0.459774723668161,0.373310767498016,13,13,5,5,TRUE,TRUE,0.04,0.04,0.04,0.86,0.64
0.434509932284817,0.361511762997706,11,16,5,5,TRUE,TRUE,0.04,0.04,0.04,0.86,0.98
0.464087399792238,0.0900160490356705,4,11,4,4,FALSE,FALSE,0.02,0.04,0.02,0.74,0.52
0.467851556679473,0.0484311110511588,7,14,4,4,FALSE,FALSE,0.02,0.02,0.02,0.66,0.32
0.40558103566844,1.07871478525286,6,15,5,5,TRUE,TRUE,0.04,0.04,0.04,0.86,0.84
0.411498735359295,0.184003850974329,4,13,3,4,FALSE,FALSE,0.04,0.04,0.04,0.84,0.8
0.402368041270169,0.054452820524151,4,12,3,4,FALSE,FALSE,0.02,0.04,0.04,0.08,0.28
0.54772226825969,0.305855284356023,3,11,3,5,FALSE,TRUE,0.04,0.02,0.02,0.38,0.62
0.593886146949956,0.287508948659958,8,12,5,5,TRUE,TRUE,0.04,0.04,0.04,0.8,1
0.470571529038426,0.261182169971496,11,13,5,5,TRUE,TRUE,0.04,0.06,0.04,1,1
0.447355248219303,0.648391077962086,6,14,5,5,TRUE,TRUE,0.04,0.04,0.04,0.76,0.76
0.469218000830758,0.159805197557313,12,15,4,4,FALSE,FALSE,0.04,0.02,0.04,0.86,0.94
0.421513604071928,0.700820713716258,25,19,5,5,TRUE,TRUE,0.04,0.04,0.04,0.16,0.98
0.390178860569638,0.376026186676102,9,12,5,5,TRUE,TRUE,0.04,0.02,0.02,0.66,0.58
0.350822394664233,0.147180292432546,10,12,4,4,FALSE,FALSE,0.04,0.02,0.04,0.94,0.76
0.41403487498101,0.646090372089948,7,12,5,5,TRUE,TRUE,0.04,0.04,0.04,1,0.8
0.461217257500275,0.0200481899478526,6,12,4,4,FALSE,FALSE,0.04,0.02,0.02,0.56,0.88
0.458889654443995,0.354853859592603,8,15,5,5,TRUE,TRUE,0.04,0.04,0.04,0.88,0.66
0.453697028124486,0.329121226551294,8,13,5,5,TRUE,TRUE,0.04,0.02,0.02,0.36,0.2
0.421078510005698,0.204684598970785,5,11,4,5,FALSE,TRUE,0.04,0.04,0.02,1,0.78
0.401134147165392,0.822164388143037,7,13,5,5,TRUE,TRUE,0.04,0.04,0.04,0.3,0.14
0.426748603816995,0.380835149254117,8,12,5,5,TRUE,TRUE,0.04,0.04,0.04,0.22,0.8
0.442465573718823,0.363591715606646,8,14,5,5,TRUE,TRUE,0.06,0.04,0.04,0.8,0.9
0.398307592572626,0.0507284278402831,2,12,2,2,FALSE,FALSE,0.04,0.04,0.04,0.52,0.3
0.496972856025429,0.2812737707293,7,13,4,5,FALSE,TRUE,0.04,0.06,0.04,0.92,0.96
0.417274246751248,0.432747305839192,8,15,5,5,TRUE,TRUE,0.04,0.04,0.04,0.9,1
0.461904643136873,0.0712048185082621,8,13,5,5,TRUE,TRUE,0.04,0.04,0.04,0.98,0.4
0.422719779097968,0.00197266889976255,21,15,4,4,FALSE,FALSE,0.04,0.02,0.02,0.96,1
0.43050064427109,0.211301055725343,14,13,5,5,TRUE,TRUE,0.04,0.04,0.02,1,0.96
0.403866303753677,0.477366200483444,12,13,5,5,TRUE,TRUE,0.04,0.02,0.04,0.04,0.66
0.443716985637605,0.615552688025627,9,12,5,5,TRUE,TRUE,0.04,0.06,0.04,0.9,0.86
0.480897406429591,0.103422304967381,2,12,2,4,FALSE,FALSE,0.04,0.02,0.02,0.72,0.74
0.483120913824965,0.691088517137433,12,13,5,5,TRUE,TRUE,0.04,0.04,0.06,0.44,0.76
0.437834803961492,0.152773144602965,10,12,4,4,FALSE,FALSE,0.04,0.04,0.04,0.54,0.74
0.527858260841055,1.15595276477704,6,15,5,5,TRUE,TRUE,0.04,0.04,0.04,0.84,0.64
0.594579623884741,0.249700718544831,4,15,4,4,FALSE,FALSE,0.02,0.02,0.04,0.74,0.8
0.455980864712748,0.59167742241847,8,12,5,5,TRUE,TRUE,0.02,0.04,0.04,0.66,0.74
0.460360907440861,0.000356599705799487,2,13,2,3,FALSE,FALSE,0.04,0.02,0.04,0.76,0.7
0.455309797134547,0.375676658502953,5,12,4,5,FALSE,TRUE,0.04,0.02,0.04,0.64,0.9
0.414275904802297,0.120599529027171,59,24,4,5,FALSE,TRUE,0.06,0.04,0.58,0.94,0.84
0.540823057880139,0.301923280302445,11,13,5,5,TRUE,TRUE,0.04,0.04,0.06,0.74,0.56
0.445184767743692,0.0704220716487129,7,13,4,4,FALSE,FALSE,0.02,0.02,0.04,1,0.98
0.410763898275802,0.228773062952048,10,12,5,5,TRUE,TRUE,0.08,0.04,0.02,0.96,0.88
0.524657206392348,0.545977028450747,8,12,5,5,TRUE,TRUE,0.02,0.04,0.02,0.04,0.3
0.501111060011784,0.134462023146474,13,13,3,3,FALSE,FALSE,0.04,0.04,0.02,0.8,0.76
0.46742384734783,0.583103710153506,6,12,5,5,TRUE,TRUE,0.02,0.06,0.06,0.9,0.76
0.458561225687273,0.104891321113658,11,13,4,4,FALSE,FALSE,0.04,0.04,0.04,0.96,1
0.420565437322097,0.256255101715462,4,12,3,3,FALSE,FALSE,0.04,0.02,0.04,0.96,0.96
0.399693395679384,0.582383678559168,6,13,5,5,TRUE,TRUE,0.02,0.04,0.04,0.22,0.4
0.508985853539868,0.269938972812916,6,12,4,5,FALSE,TRUE,0.04,0.02,0.04,0.46,0.5
0.523791664332622,0.128733603930238,11,14,4,5,FALSE,TRUE,0.04,0.04,0.02,0.6,0.52
0.439433540713179,1.05840537421133,8,12,5,5,TRUE,TRUE,0.06,0.06,0.06,0.96,0.98
0.456796127495986,0.377112048314723,6,12,5,5,TRUE,TRUE,0.04,0.02,0.04,0.34,0.72
0.401414543671039,0.583768924098447,6,15,5,5,TRUE,TRUE,0.02,0.04,0.04,0.72,0.82
0.47262923305058,0.532209532963946,6,12,5,5,TRUE,TRUE,0.04,0.02,0.02,1,0.84
0.530278756639627,0.194591053872122,4,12,3,4,FALSE,FALSE,0.02,0.02,0.02,0.06,0.08
0.49682100251033,0.350983560319194,3,11,3,4,FALSE,FALSE,0.04,0.04,0.04,0.12,0.1
0.401553457022241,0.526773724138954,18,15,5,5,TRUE,TRUE,0.04,0.02,0.04,0.46,0.88
0.453996924006507,0.836190358253101,5,11,5,5,TRUE,TRUE,0.02,0.04,0.04,0.84,0.74
0.461660190645384,0.115062738753168,6,16,4,4,FALSE,FALSE,0.02,0.02,0.02,0.56,0.64
0.365260700867048,0.44075588408793,12,14,5,5,TRUE,TRUE,0.08,0.04,0.04,0.74,0.78
0.485931742136692,0.199175770727117,7,14,5,5,TRUE,TRUE,0.04,0.02,0.02,0.92,0.94
0.460763492245232,0.202733779831004,3,11,2,4,FALSE,FALSE,0.02,0.04,0.02,0.34,0.42
0.471851913195159,0.244532351117285,11,13,4,4,FALSE,FALSE,0.06,0.04,0.04,0.24,0.48
0.479291141945053,0.0512954198451361,5,11,4,4,FALSE,FALSE,0.04,0.08,0.04,0.98,0.98
0.430232205133784,0.0122954283276222,6,14,4,4,FALSE,FALSE,0.02,0.02,0.04,0.84,0.38
0.484138670616602,0.06768418524375,5,13,4,4,FALSE,FALSE,0.04,0.04,0.06,1,1
0.492210909112383,0.243234792396621,6,14,4,4,FALSE,FALSE,0.02,0.02,0.02,0.2,0.26
0.506167012628914,0.774728219291072,13,15,5,5,TRUE,TRUE,0.04,0.06,0.04,0.44,0.54
0.535331714683266,0.409153781156984,13,13,5,5,TRUE,TRUE,0.04,0.04,0.04,0.96,1
0.47055133960961,0.00461855366841446,5,11,4,4,FALSE,FALSE,0.02,0.04,0.02,0.64,0.46
0.58122582993781,0.0767003716793089,4,13,4,4,FALSE,FALSE,0.04,0.04,0.02,0.76,0.84
0.445472921382927,0.501569310279195,8,14,5,5,TRUE,TRUE,0.04,0.04,0.04,1,0.58
0.42180325329159,0.167326589767805,3,11,3,4,FALSE,FALSE,0.04,0.04,0.04,0.48,0.6
0.451566393449107,0.431767097163843,18,19,5,5,TRUE,TRUE,0.04,0.08,0.1,1,0.96
0.521641119419692,0.412221450764235,7,12,5,5,TRUE,TRUE,0.02,0.06,0.04,0.24,0.9
0.460324141379748,0.405342560333958,6,12,5,5,TRUE,TRUE,0.06,0.04,0.04,0.38,0.46
0.466767732766037,0.0865736599097313,4,11,4,4,FALSE,FALSE,0.02,0.02,0.02,0.12,0.26
0.518119646211391,0.145682172454403,9,12,3,5,FALSE,TRUE,0.04,0.04,0.04,0.88,0.84
0.525916145813637,0.453770738650186,11,14,5,5,TRUE,TRUE,0.04,0.06,0.04,0.94,0.98
0.439710885468806,0.219911162215639,4,11,4,4,FALSE,FALSE,0.04,0.04,0.04,0.82,0.8
0.466225321319879,0.0675487048109364,3,11,2,3,FALSE,FALSE,0.04,0.04,0.02,0.94,0.92
0.471831886619198,0.186399612289648,3,11,3,4,FALSE,FALSE,0.04,0.04,0.04,0.42,0.36
0.428446955566233,0.120918490260618,12,13,4,4,FALSE,FALSE,0.06,0.04,0.04,0.5,0.98
0.487717336865608,0.340848985802519,5,11,4,5,FALSE,TRUE,0.04,0.04,0.04,0.86,0.9
0.490567077150741,0.886716119115463,5,11,5,5,TRUE,TRUE,0.04,0.02,0.04,0.98,0.88
0.512923097780346,0.02959521910078,3,12,2,4,FALSE,FALSE,0.02,0.02,0.02,0.02,0.08
0.414076990908132,0.849077243499473,7,12,5,5,TRUE,TRUE,0.02,0.02,0.04,0.68,0.8
0.426749918462819,0.232704789471486,8,13,4,5,FALSE,TRUE,0.04,0.02,0.02,0.2,0.76
0.465277202281496,0.375313872020991,7,12,4,5,FALSE,TRUE,0.04,0.02,0.04,0.36,0.5
0.451048372350073,0.273433553258464,6,13,5,5,TRUE,TRUE,0.06,0.04,0.04,0.96,0.78
0.433470639752933,0.426852666955756,12,13,4,4,FALSE,FALSE,0.04,0.02,0.04,0.9,0.24
0.432609569806285,0.845813509991674,7,12,5,5,TRUE,TRUE,0.04,0.04,0.04,0.62,0.54
0.469545847800942,0.544199150333512,21,16,5,5,TRUE,TRUE,0.04,0.04,0.02,0.96,0.82
0.514444782619438,0.210089459013801,12,13,5,5,TRUE,TRUE,0.04,0.04,0.04,0.12,0.84
0.504072008463535,0.165995457798023,8,12,3,4,FALSE,FALSE,0.04,0.04,0.02,0.94,1
0.417910461163824,0.28764442536748,18,15,4,5,FALSE,TRUE,0.04,0.04,0.04,0.98,0.92
0.430970381249256,0.684652304837405,13,13,5,5,TRUE,TRUE,0.06,0.02,0.04,0.74,0.62
0.514678338364414,0.706335219302616,10,12,5,5,TRUE,TRUE,0.02,0.04,0.04,0.28,0.76
0.473010974359495,0.018465682827137,4,11,3,3,FALSE,FALSE,0.02,0.02,0.04,0.52,0.52
0.581631147681985,0.0524841367538784,5,12,2,3,FALSE,FALSE,0.04,0.04,0.04,0.68,0.9
0.532319061582603,0.129829291022497,5,11,3,3,FALSE,FALSE,0.02,0.04,0.04,0.88,0.88
0.541399472800892,0.478768465012275,7,12,5,5,TRUE,TRUE,0.04,0.02,0.04,0.76,0.8
0.376264253991428,0.412641428836952,9,13,5,5,TRUE,TRUE,0.06,0.02,0.02,0.96,1
0.524701856661751,0.178508938553245,6,12,4,4,FALSE,FALSE,0.04,0.02,0.06,0.98,0.74
0.521689924120953,0.0768267186311904,13,14,5,5,TRUE,TRUE,0.04,0.06,0.04,0.9,0.64
0.363599061561932,0.0483114053608784,4,13,4,4,FALSE,FALSE,0.04,0.04,0.04,0.32,0.68
0.421477757979807,0.509614153299421,9,13,5,5,TRUE,TRUE,0.04,0.02,0.02,0.84,0.8
0.439942777998403,0.216997041631346,6,13,4,5,FALSE,TRUE,0.04,0.02,0.02,0.32,0.54
0.434327666492279,0.0182353415975698,7,12,3,4,FALSE,FALSE,0.04,0.04,0.04,0.22,0.4
0.487602752015152,0.603376762359954,16,14,5,5,TRUE,TRUE,0.06,0.02,0.02,0.62,0.74
0.479642085390289,0.0971801700567538,3,11,3,3,FALSE,FALSE,0.04,0.02,0.04,0.78,0.7
0.467562153552646,0.883985090970271,6,13,5,5,TRUE,TRUE,0.04,0.04,0.04,0.72,0.92
0.423134750555489,0.546726390188348,10,14,5,5,TRUE,TRUE,0.08,0.04,0.02,0.7,1
0.451840222162509,0.297307216990716,6,12,4,5,FALSE,TRUE,0.02,0.04,0.04,0.5,0.64
0.481853744183414,0.414223824198953,18,14,5,5,TRUE,TRUE,0.04,0.02,0.02,0.42,0.92
0.466749805238602,0.0126025524505717,4,11,4,4,FALSE,FALSE,0.04,0.06,0.04,1,1
0.490347349611229,0.854613662175751,7,12,5,5,TRUE,TRUE,0.04,0.04,0.04,0.14,0.38
0.485538816144449,0.570773416832292,11,13,5,5,TRUE,TRUE,0.04,0.04,0.04,1,0.84
0.38176338881778,0.00717453879590679,9,14,4,5,FALSE,TRUE,0.04,0.04,0.04,0.84,0.76
0.444416150105226,0.350593828811197,11,15,5,5,TRUE,TRUE,0.06,0.06,0.06,0.96,0.52
0.513788256543455,0.12046277640766,4,11,4,4,FALSE,FALSE,0.04,0.04,0.06,0.98,0.98
0.482999774377063,0.624074533071253,9,13,5,5,TRUE,TRUE,0.02,0.02,0.04,0.88,0.96
0.47751011453139,0.290087247346097,8,13,5,5,TRUE,TRUE,0.04,0.04,0.04,0.2,0.48
0.536564883112962,0.274965190606368,7,13,5,5,TRUE,TRUE,0.06,0.04,0.04,0.4,0.68
0.500769097044113,0.711123177761589,7,13,5,5,TRUE,TRUE,0.04,0.04,0.04,0.92,0.86
0.519919272825435,0.0834379506658518,4,11,4,4,FALSE,FALSE,0.04,0.04,0.04,0.36,0.38
0.460123917189264,0.0649767484318384,8,13,4,4,FALSE,FALSE,0.04,0.04,0.04,0.3,0.86
0.50145241599889,0.521845925725986,9,14,5,5,TRUE,TRUE,0.04,0.04,0.04,0.44,0.9
0.510461424253151,1.07477719605753,6,13,5,5,TRUE,TRUE,0.04,0.04,0.02,0.92,0.74
0.425122694430786,0.294317529820383,26,18,5,5,TRUE,TRUE,0.04,0.02,0.02,0.9,0.9
0.462699567724421,0.243238331422576,7,14,4,5,FALSE,TRUE,0.04,0.04,0.04,0.72,0.78
0.433337126367893,1.01182325800397,13,14,5,5,TRUE,TRUE,0.04,0.06,0.04,0.96,1
0.429726523311807,0.0552594288005404,3,11,3,3,FALSE,FALSE,0.04,0.04,0.06,0.92,0.96
0.441024275208521,0.702422902477897,10,13,5,5,TRUE,TRUE,0.04,0.04,0.04,0.52,0.92
0.404727504725997,0.261256295801445,8,13,5,5,TRUE,TRUE,0.04,0.04,0.04,0.94,0.92
0.452697948866411,0.91791779616077,5,11,5,5,TRUE,TRUE,0.04,0.04,0.02,0.92,0.84
0.486420005952839,0.288783078097477,8,12,5,5,TRUE,TRUE,0.04,0.04,0.02,0.46,0.4
0.426359011719711,0.21532599553182,8,13,5,5,TRUE,TRUE,0.02,0.02,0.04,0.92,1
0.442805241287456,0.856258361158366,11,16,5,5,TRUE,TRUE,0.04,0.04,0.04,0.52,0.86
0.493335691802921,0.428102056739206,7,14,5,5,TRUE,TRUE,0.02,0.06,0.02,0.5,0.24
0.498106675000066,0.122698746044501,14,13,4,4,FALSE,FALSE,0.04,0.02,0.02,0.98,0.98
0.457404167688657,0.228774877168512,6,12,4,4,FALSE,FALSE,0.04,0.04,0.04,0.2,0.48
0.523451127156314,0.29866146811321,5,11,5,5,TRUE,TRUE,0.04,0.06,0.04,0.78,0.62
0.459937322664254,0.124284073210109,4,12,3,3,FALSE,FALSE,0.04,0.02,0.02,0.42,0.74
0.455920262331901,0.00942416534764412,3,11,3,3,FALSE,FALSE,0.02,0.04,0.02,0.2,0.26
0.44666397874145,0.755856644645842,7,12,5,5,TRUE,TRUE,0.04,0.02,0.04,0.8,0.7
0.397789015805387,0.435525646104788,4,11,4,5,FALSE,TRUE,0.02,0.02,0.02,0.28,0.12
0.500924355960196,0.400318972595582,21,16,5,5,TRUE,TRUE,0.04,0.04,0.04,0.78,1
0.432883556353107,0.11835381496176,7,12,4,4,FALSE,FALSE,0.04,0.04,0.04,0.74,0.44
0.531027066858663,0.158218831966984,3,12,3,4,FALSE,FALSE,0.02,0.02,0.02,0.44,0.3
0.469042438618293,0.183155789528136,7,14,4,5,FALSE,TRUE,0.04,0.04,0.02,0.46,0.62
0.508477582756447,0.995762883480331,9,12,5,5,TRUE,TRUE,0.04,0.04,0.04,0.5,1
0.499605884409433,0.153067748024615,4,14,4,4,FALSE,FALSE,0.04,0.04,0.02,0.88,0.84
0.478128450604182,0.181513943186705,4,13,3,3,FALSE,FALSE,0.04,0.04,0.02,0.34,0.5
0.453737172242715,0.146546376515563,9,12,4,4,FALSE,FALSE,0.02,0.04,0.04,0.86,0.9
0.417959604853415,0.758292275882511,6,13,5,5,TRUE,TRUE,0.04,0.04,0.04,0.46,0.82
0.46160919402947,0.257780345533582,4,12,4,4,FALSE,FALSE,0.02,0.04,0.04,0.74,0.76
0.437542110342122,0.54685606475595,14,15,5,5,TRUE,TRUE,0.04,0.04,0.02,0.72,0.88
0.439310247235442,0.0227978268503093,16,16,4,4,FALSE,FALSE,0.04,0.02,0.04,0.8,0.98
0.480640952858909,0.272968095908259,3,11,3,4,FALSE,FALSE,0.04,0.02,0.04,0.94,0.94
0.407007924624797,0.221027566579574,14,14,5,5,TRUE,TRUE,0.06,0.02,0.02,1,0.84
0.415046622792266,0.531926564555784,8,12,5,5,TRUE,TRUE,0.04,0.04,0.04,1,1
0.522620850993318,1.03127009479892,37,20,5,5,TRUE,TRUE,0.06,0.04,0.06,0.98,1
0.443478045603461,0.169681309557918,4,11,3,3,FALSE,FALSE,0.04,0.02,0.02,1,1
0.45907382663258,0.563175546270915,9,12,5,5,TRUE,TRUE,0.04,0.04,0.04,0.94,0.46
0.416779166214567,0.352597787357015,10,12,5,5,TRUE,TRUE,0.04,0.04,0.04,0.18,0.88
0.460874088982295,0.392945026450922,6,13,5,5,TRUE,TRUE,0.06,0.04,0.04,0.4,0.34
0.487083359427924,0.161138515341284,6,13,4,4,FALSE,FALSE,0.04,0.04,0.04,0.48,0.46
0.453935460278104,0.110013923347671,4,12,3,3,FALSE,FALSE,0.04,0.02,0.02,1,1
0.517008509823846,0.17797693820186,11,13,4,4,FALSE,FALSE,0.04,0.04,0.04,0.78,0.38
0.420496569432087,0.513716445037401,12,15,5,5,TRUE,TRUE,0.04,0.02,0.02,0.8,0.8
0.443111145075961,0.633297685469947,7,16,5,5,TRUE,TRUE,0.06,0.04,0.04,0.74,0.98
0.425915522344241,0.024255794716348,13,14,4,4,FALSE,FALSE,0.06,0.04,0.04,0.84,0.78
0.509067036601254,0.524213932695914,8,13,5,5,TRUE,TRUE,0.04,0.04,0.04,0.66,0.36
0.465619374727276,0.494841909717563,5,11,4,5,FALSE,TRUE,0.02,0.04,0.02,0.24,0.58
0.395644334307226,0.405434958713704,4,11,4,5,FALSE,TRUE,0.02,0.04,0.04,0.9,0.94
0.506662952868399,0.309595860633054,8,15,5,5,TRUE,TRUE,0.02,0.02,0.04,0.52,0.66
0.479853468514178,0.0349680900744542,2,13,1,2,FALSE,FALSE,0.04,0.02,0.02,0.22,0.54
0.434403858017403,0.728401221220255,14,15,5,5,TRUE,TRUE,0.02,0.02,0.04,0.76,0.78
0.443480630515597,0.35109228664711,4,14,4,4,FALSE,FALSE,0.04,0.04,0.04,0.94,0.9
0.507119494732523,0.499035451514501,8,12,5,5,TRUE,TRUE,0.02,0.02,0.04,0.92,0.92
0.48617843667465,0.1697150048103,3,11,3,4,FALSE,FALSE,0.04,0.02,0.02,0.44,0.24
0.535063189327834,0.0703407113046541,3,13,3,4,FALSE,FALSE,0.04,0.04,0.04,0.74,0.9
0.479701362391882,0.153278070474471,9,13,4,5,FALSE,TRUE,0.02,0.04,0.04,0.7,1
0.439176970196171,0.0511845458872582,6,12,4,4,FALSE,FALSE,0.04,0.04,0.04,1,0.86
0.428523845220109,0.578503625543964,7,13,5,5,TRUE,TRUE,0.04,0.04,0.04,0.42,0.78
0.416814680176661,0.0209763414140507,32,18,4,4,FALSE,FALSE,0.06,0.02,0.06,0.86,0.68
0.47970731454262,0.672189470337566,11,14,5,5,TRUE,TRUE,0.02,0.04,0.04,0.96,0.98
0.467164319017898,1.2017817436649,7,14,5,5,TRUE,TRUE,0.04,0.04,0.04,1,0.98
0.425450729526621,0.56332119488409,10,13,5,5,TRUE,TRUE,0.04,0.04,0.02,0.88,0.8
0.426933145081118,0.750882691746485,9,12,5,5,TRUE,TRUE,0.06,0.04,0.04,0.18,0.14
0.48834984967544,0.632287456541274,18,14,5,5,TRUE,TRUE,0.04,0.04,0.02,0.58,0.86
0.576849094368726,0.0246061005438836,3,14,2,3,FALSE,FALSE,0.04,0.02,0.02,0.3,0.52
0.357562068227362,0.878144079505924,12,16,5,5,TRUE,TRUE,0.04,0.04,0.04,0.7,0.74
0.379253486380683,0.0730032294952943,6,12,4,4,FALSE,FALSE,0.02,0.04,0.04,0.16,0.12
0.450924502822109,0.260477521964191,8,12,4,4,FALSE,FALSE,0.04,0.04,0.02,0.68,0.78
0.448507535835495,0.0935496248906298,6,12,4,4,FALSE,FALSE,0.04,0.04,0.04,0.92,0.78
0.462640419413767,0.48649730281705,7,14,5,5,TRUE,TRUE,0.02,0.04,0.04,0.44,0.86
0.561654480901099,0.571099247501382,8,12,4,5,FALSE,TRUE,0.04,0.04,0.02,0.84,0.82
0.378102677905402,0.602288064843956,6,12,5,5,TRUE,TRUE,0.02,0.04,0.04,0.14,0.74
0.460844534760861,0.0449976374766576,4,12,4,4,FALSE,FALSE,0.02,0.02,0.04,0.22,0.54
0.480348555301281,0.192424128769016,2,12,2,5,FALSE,TRUE,0.02,0.04,0.04,0.16,0.16
0.520937547262485,0.315323528271935,8,12,5,5,TRUE,TRUE,0.02,0.04,0.04,0.44,0.38
0.432720885547564,0.171873679326317,10,12,4,4,FALSE,FALSE,0.04,0.04,0.04,0.98,0.98
0.455687352403758,0.359715250977495,5,11,4,4,FALSE,FALSE,0.02,0.04,0.04,0.12,0.2
0.496825795204814,0.226274264758697,5,11,4,4,FALSE,FALSE,0.04,0.04,0.04,0.7,0.92
0.504905975388376,0.887719405965329,7,13,5,5,TRUE,TRUE,0.04,0.02,0.04,0.52,0.84
0.519672283565278,0.647483300109516,9,13,5,5,TRUE,TRUE,0.02,0.02,0.04,0.3,0.9
0.427722885831425,0.293738329107308,16,15,4,5,FALSE,TRUE,0.04,0.04,0.04,0.78,1
0.517092504605811,0.212437192021621,4,12,4,5,FALSE,TRUE,0.04,0.04,0.04,0.76,0.76
0.403115408555138,1.19919466540043,9,12,5,5,TRUE,TRUE,0.04,0.04,0.04,0.96,0.58
0.482679045365352,0.102497895555469,6,13,4,4,FALSE,FALSE,0.06,0.02,0.04,0.62,0.82
0.39791845303409,0.270465534240201,18,15,4,5,FALSE,TRUE,0.02,0.04,0.04,0.76,0.54
0.410687819473191,0.631596496182511,6,14,5,5,TRUE,TRUE,0.04,0.02,0.02,0.88,0.9
0.448101648474768,0.118170636840978,12,14,4,4,FALSE,FALSE,0.04,0.04,0.02,0.54,0.54
0.602284515687249,1.10641795819042,13,13,5,5,TRUE,TRUE,0.02,0.04,0.04,0.74,0.46
0.484522994155294,0.0194049673239309,19,14,4,4,FALSE,FALSE,0.02,0.04,0.04,0.76,0.58
0.507133460862515,0.0536584665907922,4,11,4,4,FALSE,FALSE,0.02,0.04,0.04,0.74,0.7
0.398080574630712,0.669841602287967,28,20,5,5,TRUE,TRUE,0.04,0.02,0.06,1,0.54
0.433309860532987,0.172520212802152,16,14,4,5,FALSE,TRUE,0.04,0.06,0.04,0.84,0.98
0.453999293400438,0.0966825140896166,2,11,2,3,FALSE,FALSE,0.02,0.04,0.04,0.38,0.46
0.547784111719052,0.679383480295484,13,14,5,5,TRUE,TRUE,0.12,0.04,0.04,0.68,0.94
0.505230536066003,0.345017150920715,6,14,5,5,TRUE,TRUE,0.04,0.02,0.02,0.84,0.98
0.503371235684247,0.10586304823391,3,14,3,4,FALSE,FALSE,0.04,0.02,0.04,0.22,0.86
0.480749848808344,0.327350311933287,12,13,5,5,TRUE,TRUE,0.12,0.04,0.1,0.86,1
0.507248423892788,0.919508938504816,9,12,5,5,TRUE,TRUE,0.06,0.04,0.02,0.8,0.96
0.447397405912116,0.338099570554846,8,12,5,5,TRUE,TRUE,0.04,0.04,0.04,1,0.82
0.416818837776382,0.237035982614263,4,12,3,4,FALSE,FALSE,0.02,0.02,0.04,0.62,0.92
0.424802216355647,0.318998345721433,5,12,4,5,FALSE,TRUE,0.02,0.04,0.04,0.56,0.92
0.393929387894073,0.224836980636719,7,12,4,5,FALSE,TRUE,0.02,0.04,0.04,0.14,0.54
0.437863088765094,0.253144977766591,15,15,5,5,TRUE,TRUE,0.04,0.02,0.04,0.58,0.52
0.414248783962139,1.15680629960627,8,12,5,5,TRUE,TRUE,0.04,0.04,0.02,0.4,0.76
0.42501793091694,0.0358435342683121,6,13,3,4,FALSE,FALSE,0.04,0.04,0.04,0.14,0.26
0.492668927300926,0.73185899858984,6,13,5,5,TRUE,TRUE,0.06,0.04,0.02,1,0.94
0.396199152153602,0.582216403703441,17,18,5,5,TRUE,TRUE,0.04,0.02,0.06,0.72,1
0.438256403308748,0.0921530255972942,6,12,4,4,FALSE,FALSE,0.04,0.02,0.04,0.78,0.62
0.416401548288743,0.279335706984118,15,13,5,5,TRUE,TRUE,0.04,0.04,0.02,0.62,0.94
0.485273528447664,0.319463102717028,4,12,4,4,FALSE,FALSE,0.02,0.04,0.04,0.24,0.46
0.431370300485555,0.0210056454802801,7,12,4,4,FALSE,FALSE,0.04,0.04,0.04,0.84,0.94
0.387799193357872,0.963420747870466,11,13,5,5,TRUE,TRUE,0.04,0.04,0.04,0.76,0.68
0.367951237706901,0.534070939544299,6,13,5,5,TRUE,TRUE,0.04,0.02,0.04,0.86,0.92
0.395740318727775,0.108931404225931,7,12,4,4,FALSE,FALSE,0.04,0.04,0.04,0.9,0.66
0.428104252652023,0.450031764248062,7,14,5,5,TRUE,TRUE,0.04,0.04,0.06,0.4,0.84
0.429356962877963,0.725360972544896,9,13,5,5,TRUE,TRUE,0.06,0.02,0.02,0.94,1
0.494472164868074,0.0707700137794398,6,12,4,4,FALSE,FALSE,0.06,0.04,0.02,0.1,0.26
0.472094902768846,0.308122137582257,11,14,5,5,TRUE,TRUE,0.02,0.02,0.02,0.1,0.8
0.450176252689605,0.788207999418319,10,13,5,5,TRUE,TRUE,0.04,0.06,0.04,0.88,0.36
0.532765697022116,0.375063332266447,7,13,5,5,TRUE,TRUE,0.06,0.04,0.06,0.62,0.92
0.475974958664871,0.678463229239069,7,14,5,5,TRUE,TRUE,0.04,0.02,0.04,1,1
0.460951960288919,0.0237685062326138,3,11,3,4,FALSE,FALSE,0.04,0.04,0.04,0.64,0.78
0.548309103383876,0.0722603162355127,6,15,4,4,FALSE,FALSE,0.04,0.04,0.04,0.94,0.82
0.452574516660675,0.44267900941829,9,13,5,5,TRUE,TRUE,0.04,0.02,0.04,0.64,0.68
0.550275276366955,0.349006015014195,10,13,5,5,TRUE,TRUE,0.04,0.04,0.04,0.64,0.94
0.48386692647031,0.0031899131516695,2,12,2,4,FALSE,FALSE,0.02,0.02,0.02,0.38,0.38
0.438214254322497,0.23785472695571,5,13,4,4,FALSE,FALSE,0.04,0.02,0.04,0.22,0.12
0.429571202009547,0.343537280209305,5,12,5,5,TRUE,TRUE,0.04,0.04,0.04,0.98,0.98
0.508673913969543,0.0696867756766379,10,12,4,4,FALSE,FALSE,0.04,0.04,0.02,0.34,0.06
0.426235077024199,0.0218515555712215,8,12,4,4,FALSE,FALSE,0.04,0.02,0.04,0.76,0.68
0.509124380602272,0.133098907695285,9,12,4,4,FALSE,FALSE,0.02,0.02,0.06,0.32,0.38
0.605740953789426,0.222556981791708,9,13,5,5,TRUE,TRUE,0.04,0.04,0.02,0.48,0.16
0.543665126515256,0.521824282719626,5,11,5,5,TRUE,TRUE,0.04,0.04,0.06,0.52,0.34
0.418936192178226,0.050272560319093,5,12,4,4,FALSE,FALSE,0.08,0.06,0.04,0.94,0.68
0.417889296909485,0.300937307671401,4,12,4,5,FALSE,TRUE,0.02,0.04,0.02,0.64,0.62
0.497216904473207,0.212384750176228,9,13,4,4,FALSE,FALSE,0.02,0.04,0.04,0.06,0.8
0.444250198360969,0.00497905095937723,6,12,4,4,FALSE,FALSE,0.04,0.04,0.04,0.8,1
0.497354628184037,0.614374115082859,5,11,5,5,TRUE,TRUE,0.04,0.02,0.04,0.54,0.28
0.529252888349908,0.068875357118918,5,12,4,4,FALSE,FALSE,0.04,0.04,0.04,0.88,0.88
0.392202869081134,0.472321549952702,9,12,5,5,TRUE,TRUE,0.04,0.04,0.06,0.84,0.9
0.523653932494747,0.539260868021813,12,13,5,5,TRUE,TRUE,0.02,0.04,0.04,1,0.96
0.447058956663777,0.146860563789261,4,13,3,3,FALSE,FALSE,0.02,0.04,0.02,0.54,0.26
0.504313221315978,0.43238405369592,8,14,5,5,TRUE,TRUE,0.02,0.02,0.04,0.82,0.74
0.629402717024041,0.151523882410714,7,16,4,4,FALSE,FALSE,0.04,0.04,0.02,0.82,0.82
0.541838328951311,0.0744713171129194,4,11,2,2,FALSE,FALSE,0.04,0.04,0.04,0.98,0.9
0.445587125218764,0.964704744671143,8,13,5,5,TRUE,TRUE,0.04,0.02,0.02,0.9,1
0.473267382762327,0.00771141275856069,3,11,3,4,FALSE,FALSE,0.02,0.04,0.04,0.54,0.74
0.53810794835383,0.347614224139545,4,15,4,5,FALSE,TRUE,0.04,0.02,0.04,0.84,0.94
0.435404971674966,0.786213442574347,20,15,5,5,TRUE,TRUE,0.02,0.06,0.04,0.22,0.16
0.468607724415772,0.273765267092543,16,15,5,5,TRUE,TRUE,0.06,0.04,0.04,0.76,0.92
0.510989727463073,0.447411132292243,5,13,5,5,TRUE,TRUE,0.04,0.02,0.04,0.66,0.64
0.481987117367637,0.719196899233608,9,12,5,5,TRUE,TRUE,0.04,0.04,0.02,0.62,0.52
0.468191816310788,0.209814032456213,4,14,3,4,FALSE,FALSE,0.04,0.04,0.04,0.66,0.84
0.414988554984573,0.709102326886096,5,13,5,5,TRUE,TRUE,0.04,0.04,0.02,0.48,0.44
0.539199940814956,0.391643872824946,12,13,4,5,FALSE,TRUE,0.08,0.04,0.04,0.76,0.92
0.555065757656919,0.0414305349387114,4,11,4,4,FALSE,FALSE,0.04,0.02,0.04,0.92,0.88
0.525207348065102,0.623850995153423,6,12,5,5,TRUE,TRUE,0.04,0.02,0.04,0.7,0.96
0.515075879208759,0.13623347048102,11,13,5,5,TRUE,TRUE,0.04,0.04,0.04,0.96,0.9
0.403021854589735,0.129022360508481,7,14,4,4,FALSE,FALSE,0.04,0.04,0.04,0.84,0.98
0.387790813355959,0.201076751068226,8,12,5,5,TRUE,TRUE,0.02,0.04,0.04,0.8,0.94
0.401667727225603,0.170385694000923,12,14,3,3,FALSE,FALSE,0.06,0.02,0.04,0.98,1
0.411213314541634,0.578793974683887,10,14,5,5,TRUE,TRUE,0.06,0.04,0.06,1,0.92
0.552837478211448,0.08398667198355,2,13,1,4,FALSE,FALSE,0.04,0.02,0.04,0.66,0.66
0.634743131279067,0.587691451013047,16,15,5,5,TRUE,TRUE,0.04,0.04,0.04,1,1
0.507388985632419,0.100325891018795,10,13,4,5,FALSE,TRUE,0.04,0.04,0.02,0.16,0.2
0.510957308869753,0.490021910966504,21,16,5,5,TRUE,TRUE,0.06,0.06,0.06,1,0.66
0.522081446543306,0.683841078132145,13,13,5,5,TRUE,TRUE,0.04,0.04,0.04,0.5,0.96
0.448806030271597,0.0764845981981601,5,11,4,4,FALSE,FALSE,0.04,0.04,0.04,0.98,0.92
0.410769760200634,0.394861354988804,6,13,5,5,TRUE,TRUE,0.06,0.06,0.04,0.74,0.62
0.439510251071162,0.0963840074948674,5,12,3,4,FALSE,FALSE,0.04,0.04,0.04,0.4,0.32
0.476604075437108,0.0393942241077305,11,13,4,4,FALSE,FALSE,0.04,0.04,0.02,0.88,1
0.57113585476851,0.589303846139274,7,12,5,5,TRUE,TRUE,0.02,0.04,0.04,0.62,1
0.479367701750292,0.236941928342898,10,13,4,5,FALSE,TRUE,0.02,0.04,0.04,1,1
0.506517677649615,0.0726210286620015,3,11,3,4,FALSE,FALSE,0.04,0.04,0.04,0.76,0.64
0.373333709430569,0.242757904923904,4,11,4,4,FALSE,FALSE,0.04,0.06,0.04,0.9,0.86
0.444335241108335,0.049703887276912,4,11,4,4,FALSE,FALSE,0.04,0.04,0.04,0.64,0.62
0.430266090606406,0.263887826094559,5,11,4,4,FALSE,FALSE,0.02,0.02,0.02,0.5,0.5
0.497368385458317,0.0573980072370697,8,13,4,4,FALSE,FALSE,0.02,0.06,0.04,0.34,0.5
0.500007851260002,0.915012476575234,9,15,5,5,TRUE,TRUE,0.04,0.04,0.02,1,0.96
0.442196120883483,0.433911207656732,11,14,5,5,TRUE,TRUE,0.02,0.04,0.02,0.14,0.48
0.335684686375817,0.113840785734095,3,11,3,3,FALSE,FALSE,0.04,0.04,0.04,0.52,0.5
0.550074679449889,0.179931086820007,6,12,4,4,FALSE,FALSE,0.04,0.02,0.04,0.22,0.52
0.400757641371557,0.129688323236809,3,11,3,3,FALSE,FALSE,0.02,0.04,0.04,0.78,0.56
0.473671816702316,0.331545023471435,6,13,4,5,FALSE,TRUE,0.04,0.02,0.04,0.9,0.9
0.465745782467345,0.275516333362879,5,11,2,3,FALSE,FALSE,0.04,0.04,0.04,0.86,0.72
0.488088393066805,0.381832795082876,24,15,5,5,TRUE,TRUE,0.02,0.06,0.08,0.3,0.96
0.407458139506144,0.0130372100304208,6,13,4,4,FALSE,FALSE,0.06,0.06,0.04,0.84,0.9
0.413558381790011,0.245090304636113,6,12,4,5,FALSE,TRUE,0.04,0.04,0.02,0.2,0.58
0.469536081899201,0.484194540584568,7,13,5,5,TRUE,TRUE,0.06,0.02,0.04,0.94,0.84
0.347950047839373,0.0190932694755963,4,11,3,3,FALSE,FALSE,0.04,0.04,0.04,0.92,0.9
0.438298323105416,0.27736558152643,32,17,5,5,TRUE,TRUE,0.06,0.04,0.04,0.22,0.8
0.451533546167955,0.281336283897503,18,15,5,5,TRUE,TRUE,0.06,0.06,0.06,1,1
0.460185050667242,0.0231655865950606,3,11,3,3,FALSE,FALSE,0.06,0.02,0.02,0.88,0.86
0.448428730933333,0.621265868941159,7,13,5,5,TRUE,TRUE,0.04,0.04,0.04,0.9,0.86
0.370891559602121,0.482365187334819,13,15,5,5,TRUE,TRUE,0.04,0.06,0.04,1,1
0.48043589873294,0.228827896433929,6,14,4,4,FALSE,FALSE,0.04,0.04,0.04,1,0.96
0.482196839475736,0.0453448373432563,4,12,3,4,FALSE,FALSE,0.04,0.04,0.04,0.66,0.2
0.488931485400672,0.154825457419198,3,12,3,3,FALSE,FALSE,0.04,0.02,0.04,0.48,0.6
0.40280708828732,0.340779334977759,6,13,5,5,TRUE,TRUE,0.04,0.02,0.02,1,1
0.47784273358305,0.184169513710602,10,13,5,5,TRUE,TRUE,0.06,0.06,0.04,0.34,0.62
0.458224077087335,0.820318779588282,8,12,5,5,TRUE,TRUE,0.02,0.04,0.04,0.64,0.16
0.46472441098327,0.151696036465647,13,14,4,4,FALSE,FALSE,0.04,0.04,0.02,0.54,0.94
0.537309490564081,1.38015407954158,18,14,5,5,TRUE,TRUE,0.04,0.02,0.04,0.34,0.94
0.407208164209005,0.0720115059470743,3,13,2,4,FALSE,FALSE,0.04,0.02,0.04,0.66,0.64
0.477847130595204,0.610212187032247,21,17,5,5,TRUE,TRUE,0.04,0.02,0.02,0.36,0.48
0.58089405925228,0.0444797280365095,12,13,4,4,FALSE,FALSE,0.08,0.06,0.04,0.98,0.9
0.500274624904847,0.0765285994666511,4,12,4,4,FALSE,FALSE,0.04,0.04,0.04,0.78,0.9
0.363262194103837,0.259160259250862,4,11,4,4,FALSE,FALSE,0.04,0.04,0.04,0.84,0.88
0.403739186552782,0.443027353880389,9,12,5,5,TRUE,TRUE,0.04,0.04,0.04,0.6,1
0.416884406416764,0.511056230938923,8,12,5,5,TRUE,TRUE,0.04,0.04,0.04,0.74,0.92
0.410005161457053,0.185966256698822,5,11,5,5,TRUE,TRUE,0.04,0.04,0.02,0.72,0.86
0.448659237877846,0.436745521343096,14,13,5,5,TRUE,TRUE,0.04,0.02,0.04,0.6,0.84
0.492240852960126,0.174878971738467,7,12,4,4,FALSE,FALSE,0.02,0.02,0.06,0.82,0.92
0.401111197667483,0.0239780025993066,5,14,4,4,FALSE,FALSE,0.02,0.02,0.04,0.26,0.54
0.468662108710373,0.083509411981785,4,11,4,5,FALSE,TRUE,0.04,0.04,0.04,0.74,0.84
0.519129091468826,0.141258490593584,6,12,4,4,FALSE,FALSE,0.04,0.02,0.02,0.56,0.76
0.432803870179526,0.174887986941426,11,13,4,4,FALSE,FALSE,0.02,0.02,0.04,0.68,0.7
0.492822581415401,0.235419701078743,5,12,4,4,FALSE,FALSE,0.06,0.02,0.04,0.58,0.9
0.467345554323441,0.234099436712611,5,12,4,4,FALSE,FALSE,0.04,0.04,0.04,0.66,0.88
0.547347182444946,0.124551997963994,4,11,3,3,FALSE,FALSE,0.04,0.04,0.04,0.34,0.14
0.408814080220696,0.23004806410754,8,12,4,4,FALSE,FALSE,0.04,0.02,0.04,0.72,0.74
0.359024283875238,0.236766355402628,5,11,4,4,FALSE,FALSE,0.08,0.04,0.04,0.96,0.98
0.425506501272749,0.751993250198336,6,12,5,5,TRUE,TRUE,0.04,0.04,0.04,0.34,0.88
0.486600585962138,0.187762129831715,7,12,4,4,FALSE,FALSE,0.02,0.02,0.02,0.46,0.78
0.421728320169777,0.122956222289915,9,13,4,5,FALSE,TRUE,0.02,0.04,0.02,0.7,0.96
0.483342991061541,0.624031261959696,18,18,5,5,TRUE,TRUE,0.04,0.04,0.02,0.92,0.96
0.421749098968598,0.296189931595583,6,14,3,5,FALSE,TRUE,0.04,0.04,0.04,0.9,1
0.384401057498768,0.0749833322122069,3,12,3,4,FALSE,FALSE,0.02,0.02,0.04,0.98,0.78
0.46626771352681,0.0063040054662229,13,13,4,4,FALSE,FALSE,0.02,0.04,0.04,0.26,0.98
0.428631565993783,0.0803439898210458,5,11,4,4,FALSE,FALSE,0.04,0.04,0.02,0.74,0.76
0.458396599746262,0.828398471769617,11,13,5,5,TRUE,TRUE,0.04,0.02,0.04,0.82,0.82
0.52790933894308,0.268936553024408,6,14,5,5,TRUE,TRUE,0.06,0.06,0.04,0.54,1
0.462430641426304,0.269393155359146,13,13,5,5,TRUE,TRUE,0.04,0.04,0.06,0.9,0.62
0.499930463593749,0.461977316087876,7,12,4,5,FALSE,TRUE,0.04,0.04,0.04,0.5,0.48
0.394124307473758,0.692314914428047,6,13,5,5,TRUE,TRUE,0.04,0.04,0.04,0.44,0.18
0.416402240229883,0.0510352017859281,7,12,4,4,FALSE,FALSE,0.02,0.02,0.04,0.94,0.74
0.469951734007298,0.328915294356267,4,11,3,5,FALSE,TRUE,0.04,0.04,0.02,0.5,0.32
0.403762206080387,0.446956961640867,11,13,5,5,TRUE,TRUE,0.04,0.04,0.02,0.52,0.68
0.492246656313094,0.270945573308663,19,15,4,4,FALSE,FALSE,0.04,0.04,0.02,0.08,0.7
0.593459989188397,0.11556800083214,5,13,4,4,FALSE,FALSE,0.04,0.04,0.04,0.46,0.44
0.561551873008968,0.109950126816897,8,13,4,4,FALSE,FALSE,0.04,0.04,0.04,0.96,0.76
0.433063315944036,0.251426999526288,4,12,4,4,FALSE,FALSE,0.04,0.04,0.04,0.32,0.36
0.495745352417146,0.296184844711434,6,12,4,4,FALSE,FALSE,0.04,0.04,0.04,0.9,0.94
0.442972606104082,0.0736565746647695,6,12,4,4,FALSE,FALSE,0.02,0.04,0.04,0.34,0.6
0.484611023414304,0.0553780373927744,4,11,4,5,FALSE,TRUE,0.02,0.04,0.04,0.24,0.42
0.486738229819741,0.0565594033720798,43,20,4,4,FALSE,FALSE,0.04,0.04,0.62,1,0.98
0.447361473174796,0.701249991976656,10,13,5,5,TRUE,TRUE,0.04,0.06,0.04,0.88,0.9
0.379694091910236,0.438955420465844,5,12,5,5,TRUE,TRUE,0.04,0.04,0.02,0.92,0.94
0.473384456197047,0.311638991539579,4,14,3,5,FALSE,TRUE,0.04,0.04,0.04,0.42,0.24
0.428759767743234,0.0604888276620013,4,12,4,5,FALSE,TRUE,0.02,0.04,0.04,0.44,0.72
0.449380433916131,0.400094268661833,5,11,5,5,TRUE,TRUE,0.04,0.02,0.02,0.98,0.84
0.465525573853538,0.584226767886237,5,11,5,5,TRUE,TRUE,0.02,0.04,0.04,0.22,0.52
0.47225685287243,0.198202620545902,6,13,5,5,TRUE,TRUE,0.04,0.04,0.04,0.7,0.84
0.459899233539586,0.6695792943408,9,13,5,5,TRUE,TRUE,0.04,0.04,0.02,0.58,0.78
0.416557720813182,1.00488740043169,5,11,5,5,TRUE,TRUE,0.04,0.04,0.04,0.7,0.96
0.597690448331326,0.249821036114072,6,12,5,5,TRUE,TRUE,0.04,0.04,0.04,0.3,0.66
0.410364506263499,0.491986403784987,9,12,5,5,TRUE,TRUE,0.04,0.02,0.02,0.6,0.84
0.477134081783736,0.720234238963742,13,15,5,5,TRUE,TRUE,0.04,0.04,0.04,0.66,0.86
0.479900042699522,0.655798376632403,12,13,5,5,TRUE,TRUE,0.04,0.02,0.04,0.7,0.92
0.370923107623361,0.457757292132246,5,13,5,5,TRUE,TRUE,0.04,0.02,0.04,0.42,0.7
0.475480401621473,0.111565174349946,3,11,3,3,FALSE,FALSE,0.04,0.04,0.04,0.32,0.32
0.459964709678291,0.0882711518463677,4,12,4,4,FALSE,FALSE,0.04,0.06,0.04,0.68,0.82
0.464186606723147,0.10388592202409,3,11,3,5,FALSE,TRUE,0.04,0.02,0.02,0.5,0.28
0.399890851308526,0.51640501045907,6,14,5,5,TRUE,TRUE,0.04,0.04,0.04,1,0.96
0.469871831121203,0.159570230448295,3,11,3,4,FALSE,FALSE,0.04,0.02,0.04,0.74,0.66
0.423593447843761,0.630132150619171,17,15,5,5,TRUE,TRUE,0.06,0.04,0.02,0.98,0.96
0.459597848954919,0.10378860626091,6,14,3,3,FALSE,FALSE,0.04,0.04,0.04,0.66,0.8
0.465226003365323,0.222745089403116,8,14,5,5,TRUE,TRUE,0.04,0.04,0.02,0.94,0.96
0.492904090176292,0.0345395391770231,4,11,2,4,FALSE,FALSE,0.04,0.04,0.04,0.6,0.86
0.467645633931263,0.0632244788926772,5,12,3,3,FALSE,FALSE,0.04,0.02,0.04,0.44,0.94
0.447812286408736,0.186087715138272,2,12,2,3,FALSE,FALSE,0.04,0.04,0.02,0.8,0.88
0.510086950796795,0.0637129278043962,7,13,4,4,FALSE,FALSE,0.06,0.04,0.04,0.88,0.96
0.466235297639219,0.298686258058702,6,12,4,5,FALSE,TRUE,0.02,0.02,0.02,0.78,0.72
0.380110830191826,0.21581412872517,11,14,5,5,TRUE,TRUE,0.04,0.04,0.04,0.96,0.88
0.442878187023625,0.932925149344008,10,14,5,5,TRUE,TRUE,0.02,0.04,0.02,0.18,0.76
0.431851452965944,0.00630611304931117,5,11,3,4,FALSE,FALSE,0.02,0.02,0.04,0.48,0.56
0.418847610432442,0.809009652648589,8,14,5,5,TRUE,TRUE,0.06,0.04,0.06,0.68,1
0.479519515483362,0.170071715343491,3,11,3,4,FALSE,FALSE,0.04,0.04,0.04,0.16,0.2
0.386877147090842,0.502777701378279,8,13,5,5,TRUE,TRUE,0.04,0.02,0.06,0.42,0.66
0.414552066193682,0.170832800570229,4,13,4,5,FALSE,TRUE,0.04,0.02,0.04,0.28,0.2
0.583256939170418,0.588003872499057,10,13,5,5,TRUE,TRUE,0.04,0.04,0.04,0.8,0.58
0.524195521402622,0.503587458456445,8,13,5,5,TRUE,TRUE,0.04,0.04,0.04,0.88,0.98
0.480089399154383,0.229177556854889,4,11,3,4,FALSE,FALSE,0.04,0.04,0.04,0.26,0.26
0.44696630854629,0.34888563597766,6,12,5,5,TRUE,TRUE,0.02,0.02,0.04,0.94,0.98
0.404179311245712,0.0355687596365579,12,14,4,4,FALSE,FALSE,0.06,0.04,0.04,0.94,0.98
0.448356606995342,0.113650493239822,3,11,3,3,FALSE,FALSE,0.02,0.04,0.02,0.2,0.48
0.428920156872074,0.252395617891636,5,12,4,4,FALSE,FALSE,0.06,0.04,0.08,0.94,0.8
0.411690815711904,0.660689172666368,9,13,5,5,TRUE,TRUE,0.06,0.04,0.04,0.9,0.96
0.454801641371958,0.278702393632871,9,12,4,5,FALSE,TRUE,0.04,0.02,0.02,1,0.98
0.463689856547358,0.216437642699813,17,16,5,5,TRUE,TRUE,0.06,0.04,0.06,0.76,0.84
0.451135572703657,0.466744595459401,8,12,5,5,TRUE,TRUE,0.04,0.04,0.04,0.28,0.12
0.457513473271477,0.281005809653832,10,12,5,5,TRUE,TRUE,0.04,0.04,0.04,0.54,0.84
0.516150559949525,0.281433687205009,6,12,3,5,FALSE,TRUE,0.04,0.04,0.04,0.32,0.36
0.418405161981732,0.167082882196,4,12,4,5,FALSE,TRUE,0.04,0.04,0.04,0.74,0.8
0.467250300351507,0.131627777446661,3,12,3,4,FALSE,FALSE,0.04,0.04,0.04,0.8,0.82
0.472430594282942,0.253776729289806,4,12,4,5,FALSE,TRUE,0.02,0.04,0.02,0.7,0.84
0.507615045453954,0.304740068359751,17,16,5,5,TRUE,TRUE,0.06,0.02,0.06,0.34,0.94
0.427864060219115,0.361963338052941,6,12,5,5,TRUE,TRUE,0.08,0.04,0.04,0.64,0.38
0.536473977552596,0.124409547512696,4,11,4,5,FALSE,TRUE,0.02,0.04,0.04,0.88,0.94
0.501016286381662,0.12555094391913,7,12,3,3,FALSE,FALSE,0.04,0.04,0.04,0.68,0.84
0.44308951295229,0.882065440404604,7,12,5,5,TRUE,TRUE,0.04,0.02,0.04,0.92,1
0.418892775968308,0.120503009544831,6,13,4,4,FALSE,FALSE,0.02,0.02,0.02,0.96,1
0.461002971778837,0.121964130869261,13,13,4,4,FALSE,FALSE,0.16,0.1,0.04,0.66,0.96
0.482501976632443,0.217951082003728,6,14,4,5,FALSE,TRUE,0.04,0.04,0.02,1,0.98
0.465075637884666,0.499657590856957,5,12,5,5,TRUE,TRUE,0.04,0.04,0.04,0.78,0.78
0.481820403636579,0.0568878007663094,6,12,3,4,FALSE,FALSE,0.06,0.04,0.04,0.6,0.64
0.448484266457983,0.466484979034605,7,13,5,5,TRUE,TRUE,0.04,0.04,0.04,0.94,0.68
0.483625012731562,0.238281682497494,7,12,4,4,FALSE,FALSE,0.04,0.02,0.04,0.9,0.86
0.489757860469079,0.0316172276102897,3,12,3,3,FALSE,FALSE,0.04,0.04,0.06,0.64,0.7
0.418981735387928,0.418339395666168,9,14,5,5,TRUE,TRUE,0.02,0.06,0.04,0.84,0.96
0.491121251802334,0.839385994382269,13,13,5,5,TRUE,TRUE,0.04,0.04,0.04,0.82,1
0.382801905762798,0.716897765434053,6,12,5,5,TRUE,TRUE,0.02,0.04,0.04,0.7,0.92
0.412708434436724,0.161131645905642,6,14,4,4,FALSE,FALSE,0.04,0.02,0.02,1,0.98
0.49243013192517,0.514415660639866,11,13,5,5,TRUE,TRUE,0.04,0.04,0.06,0.48,0.88
0.441364004409161,0.0406356250057489,7,13,4,4,FALSE,FALSE,0.02,0.04,0.04,0.52,0.54
0.472765149264204,0.0562001568473955,6,13,4,4,FALSE,FALSE,0.02,0.04,0.04,0.92,0.88
0.408745390923725,0.161492580918236,5,13,5,5,TRUE,TRUE,0.04,0.02,0.04,0.76,0.88
0.624850515713926,0.0094565362592598,4,11,4,4,FALSE,FALSE,0.06,0.04,0.02,0.22,0.76
0.450473325808335,0.358705093760663,20,14,5,5,TRUE,TRUE,0.04,0.04,0.02,0.6,0.72
0.468157052902652,0.60023878348285,21,18,5,5,TRUE,TRUE,0.04,0.02,0.04,0.78,1
0.443267938731995,0.994864029561104,6,12,5,5,TRUE,TRUE,0.02,0.04,0.04,0.38,1
0.485424281574338,0.627801639629235,16,16,5,5,TRUE,TRUE,0.02,0.02,0.02,0.54,0.68
0.376321741821332,0.15813717453101,5,11,4,4,FALSE,FALSE,0.04,0.04,0.02,0.72,0.96
0.38903745174484,0.0431522347442028,4,11,4,4,FALSE,FALSE,0.02,0.02,0.02,0.96,0.96
0.448488160182912,0.0246724898768302,2,12,1,4,FALSE,FALSE,0.04,0.02,0.02,0.3,0.68
0.43292345606348,0.179257342891192,10,16,4,4,FALSE,FALSE,0.04,0.02,0.04,0.76,0.94
0.461126047577877,0.318980947683574,5,12,4,5,FALSE,TRUE,0.04,0.02,0.04,0.48,0.34
0.489490552108392,0.196295332356689,6,12,4,5,FALSE,TRUE,0.02,0.04,0.04,0.82,0.84
0.416026345593461,0.458077117633084,7,13,5,5,TRUE,TRUE,0.04,0.02,0.04,0.76,0.98
0.427393452268564,0.432964199701453,8,12,5,5,TRUE,TRUE,0.04,0.04,0.04,0.96,0.94
0.454030073062812,1.41446671500082,5,12,5,5,TRUE,TRUE,0.04,0.04,0.04,0.58,0.7
0.472793139252321,0.487667200489616,14,16,5,5,TRUE,TRUE,0.04,0.04,0.04,0.5,0.9
0.513766035259849,0.531046002744131,21,15,5,5,TRUE,TRUE,0.04,0.04,0.06,0.88,0.9
0.5334643318794,0.0956248286855321,5,12,3,4,FALSE,FALSE,0.06,0.02,0.04,0.16,0.08
0.502857800611028,0.483699692555129,7,15,5,5,TRUE,TRUE,0.02,0.04,0.04,0.56,0.62
0.558249593641144,0.0320693875361311,4,11,3,4,FALSE,FALSE,0.04,0.04,0.04,0.56,0.3
0.441882700422683,0.545996395304624,9,12,5,5,TRUE,TRUE,0.04,0.04,0.04,0.7,0.58
0.414049418429875,0.190008931681946,8,14,5,5,TRUE,TRUE,0.04,0.04,0.04,0.68,0.9
0.478219055879058,0.322303785718788,17,16,5,5,TRUE,TRUE,0.04,0.04,0.04,0.84,0.26
0.433383135255351,0.419518463141248,9,12,5,5,TRUE,TRUE,0.04,0.04,0.04,0.7,0.68
0.484638994691606,0.130016240999889,6,12,4,4,FALSE,FALSE,0.04,0.02,0.04,0.34,0.2
0.43266395047425,0.309352262025995,7,13,5,5,TRUE,TRUE,0.04,0.02,0.04,0.14,0.5
0.516672237211209,0.139647641462905,6,12,4,4,FALSE,FALSE,0.04,0.04,0.06,0.52,0.82
0.496532771175267,0.0332222615625313,6,12,3,3,FALSE,FALSE,0.04,0.04,0.02,0.56,0.42
0.546490662854829,0.673805806821121,8,13,5,5,TRUE,TRUE,0.04,0.02,0.04,0.8,1
0.4506963705926,0.10781730116019,4,11,4,4,FALSE,FALSE,0.02,0.02,0.04,0.98,0.96
0.424168497198747,0.481186255832841,5,11,5,5,TRUE,TRUE,0.04,0.04,0.02,0.42,0.32
0.44460567126845,0.319632029739083,11,13,4,5,FALSE,TRUE,0.04,0.02,0.04,0.84,0.94
0.51075575710438,0.152782222204539,7,14,4,4,FALSE,FALSE,0.04,0.02,0.02,0.84,0.96
0.415490407653045,0.145746562237685,9,12,4,4,FALSE,FALSE,0.04,0.04,0.04,0.38,0.88
0.443060899170856,0.837648356852787,11,14,5,5,TRUE,TRUE,0.04,0.04,0.04,0.46,0.88
0.496222686552127,0.872340353542658,8,13,5,5,TRUE,TRUE,0.04,0.04,0.04,0.84,0.32
0.387205209939869,0.164841454077284,5,12,4,4,FALSE,FALSE,0.04,0.04,0.04,0.94,0.96
0.458101744866816,0.180359266119713,5,12,4,4,FALSE,FALSE,0.04,0.02,0.02,1,1
0.455083478666034,0.936743728547053,10,12,5,5,TRUE,TRUE,0.02,0.04,0.04,0.92,0.84
0.469807343282299,0.216385828565865,5,11,4,5,FALSE,TRUE,0.04,0.04,0.06,0.46,0.78
0.474895585020426,0.190299555562043,14,14,5,5,TRUE,TRUE,0.02,0.04,0.04,0.06,0.94
0.490081938801174,0.159703116216289,9,14,4,4,FALSE,FALSE,0.06,0.04,0.04,0.28,0.28
0.434798339751842,0.0585362846440516,3,11,3,3,FALSE,FALSE,0.04,0.04,0.04,0.8,0.88
0.500270697120585,0.955563373574331,5,12,5,5,TRUE,TRUE,0.04,0.02,0.04,0.86,0.94
0.419811833243352,0.815069890938359,8,12,5,5,TRUE,TRUE,0.04,0.04,0.06,0.98,0.96
0.441440811010338,0.232816057378832,3,11,3,5,FALSE,TRUE,0.04,0.04,0.04,0.52,0.36
0.463030265862155,0.11137869934709,5,15,4,4,FALSE,FALSE,0.04,0.02,0.04,0.64,0.8
0.476723133200897,0.212800605283707,4,12,4,5,FALSE,TRUE,0.04,0.04,0.02,0.52,0.34
0.499823064515886,0.406986924971752,6,12,5,5,TRUE,TRUE,0.02,0.04,0.04,0.68,0.98
0.410822287093246,0.120250487004431,4,11,4,4,FALSE,FALSE,0.04,0.04,0.04,0.94,0.92
0.478838849106511,0.327042920520745,13,14,5,5,TRUE,TRUE,0.02,0.04,0.06,0.64,0.96
0.440484468994208,0.636431438005003,18,14,5,5,TRUE,TRUE,0.02,0.02,0.02,0.78,0.94
0.460479092367953,0.159909084732898,8,14,4,4,FALSE,FALSE,0.02,0.06,0.04,0.54,0.68
0.456258437597103,0.33819824232376,9,12,5,5,TRUE,TRUE,0.02,0.04,0.04,0.36,0.52
0.47799049168819,0.287265648076137,5,11,5,5,TRUE,TRUE,0.06,0.06,0.04,0.24,0.5
0.459971221881448,0.471307687003165,26,19,5,5,TRUE,TRUE,0.06,0.04,0.06,0.22,1
0.488800584306055,0.0037045834517464,5,11,3,4,FALSE,FALSE,0.02,0.02,0.04,0.4,0.34
0.444251590117957,0.123585853191525,9,13,3,3,FALSE,FALSE,0.04,0.04,0.04,0.92,0.94
0.383250011167454,0.938896723857736,14,14,5,5,TRUE,TRUE,0.04,0.04,0.04,0.72,0.5
0.551054708344899,0.201775563407996,7,12,4,4,FALSE,FALSE,0.02,0.02,0.02,0.66,0.6
0.502277718169853,0.168562846039672,52,24,4,4,FALSE,FALSE,0.04,0.12,0.52,0.94,0.98
0.45991384972441,0.591801328373765,16,14,5,5,TRUE,TRUE,0.04,0.02,0.04,0.7,0.96
0.459348637837126,0.48822159728736,5,11,5,5,TRUE,TRUE,0.04,0.04,0.02,0.68,0.88
0.4896022934611,0.391563236118563,9,13,5,5,TRUE,TRUE,0.02,0.04,0.04,0.08,0.58
0.52060201850543,0.439168080535476,7,12,4,4,FALSE,FALSE,0.04,0.04,0.04,0.84,0.76
0.443158734274317,0.173399629086983,4,13,4,5,FALSE,TRUE,0.04,0.04,0.02,0.96,0.74
0.531330377203469,0.829679296485449,12,13,5,5,TRUE,TRUE,0.04,0.04,0.04,0.88,1
0.512094425904107,0.556364415149158,12,14,5,5,TRUE,TRUE,0.04,0.04,0.02,0.76,1
0.442588485963076,0.0120182378449929,4,13,4,5,FALSE,TRUE,0.04,0.04,0.04,0.64,0.98
0.55613117638649,0.0464792357915267,9,12,4,4,FALSE,FALSE,0.06,0.04,0.04,0.88,0.5
0.570793928569871,0.0771109331490176,17,16,4,4,FALSE,FALSE,0.02,0.02,0.02,0.5,0.76
0.391066435432963,0.666712333140002,9,12,5,5,TRUE,TRUE,0.06,0.02,0.04,0.96,1
0.427813220416191,0.0400034040959336,11,13,4,4,FALSE,FALSE,0.04,0.08,0.04,0.94,1
0.479750345881729,0.0488659362690793,3,11,2,2,FALSE,FALSE,0.04,0.02,0.04,0.72,0.64
0.476614145749902,0.16216095297818,19,15,5,5,TRUE,TRUE,0.04,0.06,0.02,0.7,0.8
0.47428419124315,0.341749141710769,7,12,5,5,TRUE,TRUE,0.04,0.04,0.04,1,0.94
0.51712137465973,0.369936929304824,6,14,5,5,TRUE,TRUE,0.02,0.04,0.04,0.72,0.74
0.47851015988598,0.196242128689392,6,12,4,4,FALSE,FALSE,0.04,0.02,0.02,0.2,0.54
0.457327584595073,0.625540279343812,27,16,5,5,TRUE,TRUE,0.04,0.04,0.04,0.92,0.78
0.565558585980255,0.447116728173634,6,14,4,5,FALSE,TRUE,0.02,0.06,0.04,0.74,0.78
0.466366365494725,0.361216676219615,16,14,4,4,FALSE,FALSE,0.04,0.04,0.04,0.96,0.98
0.469776314301319,1.32490179584817,11,15,5,5,TRUE,TRUE,0.06,0.04,0.02,0.62,0.54
0.452828317716323,0.214026999780353,7,13,4,4,FALSE,FALSE,0.04,0.02,0.04,0.06,0.28
0.47566824964437,0.105976380883504,4,11,4,4,FALSE,FALSE,0.04,0.02,0.04,0.92,0.68
0.460786852872122,0.0853303078908252,3,12,3,3,FALSE,FALSE,0.04,0.04,0.04,0.94,0.48
0.406088177469131,1.73241100933903,12,13,5,5,TRUE,TRUE,0.06,0.04,0.04,0.9,1
0.483047170513501,0.289683241456308,8,12,5,5,TRUE,TRUE,0.04,0.02,0.04,0.88,0.74
0.567468819324011,0.109323972542627,4,11,3,4,FALSE,FALSE,0.08,0.04,0.04,0.98,0.98
0.401256054228873,0.327576548824069,10,13,5,5,TRUE,TRUE,0.04,0.02,0.02,0.3,0.92
0.504300927184637,0.0365737452188828,2,12,2,3,FALSE,FALSE,0.04,0.04,0.02,0.72,0.44
0.48415886433229,0.608129004596461,5,14,5,5,TRUE,TRUE,0.04,0.02,0.04,0.06,0.3
0.423940299111415,0.40413368494711,7,14,5,5,TRUE,TRUE,0.06,0.04,0.06,0.3,0.26
0.442387611869134,0.235883201720125,3,11,3,4,FALSE,FALSE,0.04,0.04,0.04,0.28,0.3
0.52497146925721,0.0609102660485861,4,11,3,5,FALSE,TRUE,0.02,0.02,0.04,0.1,0.66
0.50215805761333,0.349924839284356,9,14,4,5,FALSE,TRUE,0.04,0.02,0.04,0.4,0.32
0.471539715975594,0.130722516959133,2,12,1,3,FALSE,FALSE,0.04,0.02,0.04,0.52,0.6
0.465645101230982,0.0797770360004211,3,11,3,3,FALSE,FALSE,0.04,0.02,0.04,0.46,0.58
0.48690790156488,0.9979048603131,8,13,5,5,TRUE,TRUE,0.04,0.04,0.02,0.6,0.56
0.432474036089485,0.209405293584871,9,13,4,5,FALSE,TRUE,0.06,0.04,0.04,0.8,0.78
0.51049132782511,0.394768948227153,10,12,5,5,TRUE,TRUE,0.06,0.06,0.04,0.68,0.88
0.452916545018892,0.0953165189888878,4,12,4,4,FALSE,FALSE,0.02,0.02,0.04,0.92,0.82
0.427103459726634,0.236753342031663,7,16,4,4,FALSE,FALSE,0.04,0.04,0.04,0.46,0.68
0.403524342173551,0.601624052305194,6,13,5,5,TRUE,TRUE,0.04,0.04,0.04,0.36,0.2
0.452633512975609,0.704857776549277,6,13,5,5,TRUE,TRUE,0.04,0.04,0.04,0.94,0.72
0.482801859587932,0.135954436910926,5,12,4,4,FALSE,FALSE,0.04,0.04,0.04,0.48,0.9
0.508504951959315,0.0214298303372702,6,13,4,4,FALSE,FALSE,0.04,0.04,0.04,0.38,0.36
0.428640888403334,0.123623745914953,2,12,2,3,FALSE,FALSE,0.04,0.02,0.04,0.6,0.72
0.474358077925661,0.264159708969579,4,12,3,4,FALSE,FALSE,0.02,0.02,0.04,0.92,0.96
0.500123047733189,0.171271741302806,5,12,4,4,FALSE,FALSE,0.04,0.02,0.04,0.84,0.58
0.454032263620877,0.0723624627691213,4,13,4,4,FALSE,FALSE,0.04,0.02,0.04,0.58,0.9
0.517484139931636,0.144938645453015,6,12,4,4,FALSE,FALSE,0.02,0.04,0.04,0.3,0.82
0.473524882273112,0.0471254842826401,6,13,4,4,FALSE,FALSE,0.04,0.04,0.04,0.52,0.9
0.432625992909028,0.502213864694462,6,12,5,5,TRUE,TRUE,0.06,0.04,0.04,0.66,0.4
0.508362755086392,0.917539871960947,9,13,5,5,TRUE,TRUE,0.04,0.06,0.04,0.98,0.88
0.497712427808298,0.494682337831223,7,14,5,5,TRUE,TRUE,0.02,0.04,0.04,0.36,0.2
0.404189695457305,0.241512653938176,7,12,5,5,TRUE,TRUE,0.04,0.04,0.02,0.96,1
0.447967678747797,0.38112026529224,5,11,4,5,FALSE,TRUE,0.04,0.04,0.04,0.62,0.28
0.564652770034565,0.419336179090181,6,12,5,5,TRUE,TRUE,0.04,0.02,0.04,0.86,0.96
0.45045678729064,0.75227064184665,6,12,5,5,TRUE,TRUE,0.06,0.04,0.04,0.32,0.48
0.517845301751767,0.310234462965459,8,12,4,4,FALSE,FALSE,0.04,0.04,0.02,0.84,0.64
0.449476993532087,0.615487157372136,5,12,5,5,TRUE,TRUE,0.04,0.04,0.02,0.46,0.78
0.463375164607406,0.238123515976987,5,11,5,5,TRUE,TRUE,0.04,0.02,0.04,0.5,0.52
0.516379710126308,0.659500449238367,13,13,5,5,TRUE,TRUE,0.06,0.08,0.06,0.96,1
0.421628668938756,0.256380263093648,9,13,4,4,FALSE,FALSE,0.06,0.04,0.02,0.52,0.7
0.483903857052818,0.474876654980319,14,13,5,5,TRUE,TRUE,0.04,0.04,0.04,0.18,1
0.44224271406482,0.0666441111504046,4,17,3,4,FALSE,FALSE,0.04,0.04,0.02,0.98,0.68
0.479103097729971,0.692181729705492,7,13,5,5,TRUE,TRUE,0.04,0.04,0.04,0.98,0.96
0.516175835627833,1.16702643938863,22,16,5,5,TRUE,TRUE,0.04,0.02,0.04,0.96,1
0.470826480579902,0.349510290822513,8,12,4,5,FALSE,TRUE,0.04,0.02,0.04,0.88,1
0.456479084587773,0.104759658172263,6,12,4,4,FALSE,FALSE,0.02,0.04,0.04,0.68,0.76
0.430887249212265,0.657618910256944,6,12,5,5,TRUE,TRUE,0.04,0.04,0.06,1,0.96
0.479168108420775,0.122381328943957,6,14,4,4,FALSE,FALSE,0.04,0.04,0.04,0.68,0.86
0.409213652450486,0.0114066271047526,4,11,4,4,FALSE,FALSE,0.02,0.04,0.02,0.22,0.12
0.432179955936719,0.178093766105246,10,15,5,5,TRUE,TRUE,0.02,0.04,0.02,0.82,0.6
0.473003779701207,0.260556037117647,5,15,5,5,TRUE,TRUE,0.02,0.04,0.02,0.58,0.28
0.407913937088427,0.0458343321302772,6,13,3,3,FALSE,FALSE,0.04,0.04,0.04,0.62,0.82
0.443345180431654,0.501468504850159,10,13,5,5,TRUE,TRUE,0.04,0.04,0.04,0.48,0.84
0.395684693747557,0.436416124639696,6,13,5,5,TRUE,TRUE,0.04,0.04,0.02,0.28,0.3
0.397843860904234,0.585202410286782,7,12,5,5,TRUE,TRUE,0.04,0.02,0.04,0.74,0.6
0.437417087318205,0.602113720318222,37,21,5,5,TRUE,TRUE,0.04,0.04,0.18,1,1
0.469985153055116,0.156513844745904,6,14,4,4,FALSE,FALSE,0.04,0.04,0.04,0.96,1
0.455615214584503,0.256223118234055,7,13,5,5,TRUE,TRUE,0.04,0.02,0.02,0.94,0.96
0.581330644561035,0.0688779499210912,4,11,3,4,FALSE,FALSE,0.04,0.04,0.06,0.62,0.66
0.486382195470641,0.740986264805576,10,12,5,5,TRUE,TRUE,0.04,0.04,0.04,0.88,0.96
0.469636900787888,0.507302308808752,6,12,5,5,TRUE,TRUE,0.04,0.04,0.04,0.48,0.42
0.462416858191424,0.545127608204853,8,12,5,5,TRUE,TRUE,0.02,0.04,0.04,0.9,0.84
0.481522230679881,0.304984819012891,5,11,4,5,FALSE,TRUE,0.04,0.04,0.04,0.62,0.52
0.459826523700353,0.103092825376268,2,12,2,3,FALSE,FALSE,0.04,0.02,0.04,0.88,0.7
0.382276750687939,0.0280193802500217,4,11,4,4,FALSE,FALSE,0.04,0.04,0.04,0.96,0.96
0.552418546612206,0.474774938717761,5,12,4,5,FALSE,TRUE,0.04,0.02,0.04,0.56,0.76
0.532727932030231,0.114814029047573,5,13,4,4,FALSE,FALSE,0.08,0.04,0.04,1,1
0.433678720615325,0.505233665250382,9,12,5,5,TRUE,TRUE,0.04,0.06,0.04,0.44,0.76
0.454816869022092,0.920592843434613,8,12,5,5,TRUE,TRUE,0.02,0.02,0.02,0.52,0.76
0.397915000592635,0.0844631869272199,8,12,3,3,FALSE,FALSE,0.04,0.04,0.04,0.32,0.66
0.403742976887239,0.227984239212405,29,16,5,5,TRUE,TRUE,0.04,0.04,0.02,0.32,0.86
0.441047143114169,0.254564530437212,12,13,4,5,FALSE,TRUE,0.04,0.04,0.02,0.18,0.94
0.473052691952771,0.25013508834599,7,13,5,5,TRUE,TRUE,0.04,0.02,0.04,0.62,0.98
0.386683606486806,0.353648604256778,4,12,4,5,FALSE,TRUE,0.04,0.04,0.04,0.96,0.9
0.455752280986348,0.678351285191502,10,12,5,5,TRUE,TRUE,0.1,0.04,0.04,0.96,0.74
0.46891053712705,0.377558510408777,5,11,4,5,FALSE,TRUE,0.02,0.02,0.04,0.04,0.1
0.497870711181365,0.353607664245739,5,12,5,5,TRUE,TRUE,0.02,0.02,0.02,0.8,1
0.504392441853028,0.333312689636145,4,13,4,5,FALSE,TRUE,0.04,0.04,0.04,0.32,0.64
0.393470093222941,0.264897787733642,8,12,4,4,FALSE,FALSE,0.04,0.04,0.04,0.8,0.7
0.418190812985917,0.569395526879064,13,13,5,5,TRUE,TRUE,0.06,0.02,0.08,0.74,0.56
0.396743663346615,0.127597438762958,8,12,4,4,FALSE,FALSE,0.04,0.02,0.02,0.6,0.96
0.426868073181435,0.127399694756404,6,12,5,5,TRUE,TRUE,0.04,0.04,0.04,0.78,0.92
0.450793222617154,0.126335902669902,26,16,4,4,FALSE,FALSE,0.02,0.04,0.1,0.9,1
0.407320685684027,0.0831042335568184,11,13,4,4,FALSE,FALSE,0.04,0.02,0.02,0.72,0.64
0.446260885828639,0.693594936343782,7,12,5,5,TRUE,TRUE,0.04,0.02,0.04,0.36,0.9
0.46298275705113,0.0335207998222498,4,12,3,4,FALSE,FALSE,0.02,0.02,0.02,0.44,0.18
0.430594786160057,0.381468861211446,6,12,4,5,FALSE,TRUE,0.04,0.04,0.02,0.8,0.46
0.51807213167134,0.688194872612258,9,13,5,5,TRUE,TRUE,0.06,0.06,0.06,0.98,0.98
0.516067471113763,0.076267007706579,4,11,4,4,FALSE,FALSE,0.04,0.04,0.04,0.82,0.76
0.493047301472832,0.018428709319134,3,11,3,3,FALSE,FALSE,0.04,0.02,0.02,0.82,0.72
0.535526144277501,0.0171300479124885,4,12,4,4,FALSE,FALSE,0.02,0.04,0.02,0.5,0.66
0.515184929272933,0.36069299444187,6,12,4,5,FALSE,TRUE,0.06,0.04,0.04,0.74,0.44
0.464455567974606,0.034564685819078,2,12,2,4,FALSE,FALSE,0.04,0.02,0.04,0.66,0.58
0.436686604200695,0.600710124929367,9,12,5,5,TRUE,TRUE,0.06,0.04,0.06,0.72,0.44
0.4540716676368,0.437231994919538,12,16,5,5,TRUE,TRUE,0.06,0.04,0.04,0.66,1
0.378247104247994,0.115485589956167,5,11,3,3,FALSE,FALSE,0.04,0.02,0.04,0.46,0.88
0.499317731114101,0.135185685036383,5,12,4,4,FALSE,FALSE,0.02,0.04,0.02,0.24,0.8
0.439438980400942,0.394741020655756,9,12,5,5,TRUE,TRUE,0.04,0.04,0.04,0.96,0.32
0.462644135698131,0.0424757042981097,7,12,3,4,FALSE,FALSE,0.02,0.02,0.04,0.26,0.66
0.424489895573808,0.758018314295404,5,11,5,5,TRUE,TRUE,0.02,0.04,0.04,0.48,0.84
0.420248362731527,0.100219555396043,3,11,3,3,FALSE,FALSE,0.04,0.04,0.04,0.18,0.16
0.37793691384149,0.365520848899227,10,13,5,5,TRUE,TRUE,0.04,0.04,0.04,0.92,0.92
0.499355517568647,0.77871614088606,14,14,5,5,TRUE,TRUE,0.04,0.04,0.04,0.94,0.88
0.484653068217711,0.501104696707282,6,12,5,5,TRUE,TRUE,0.02,0.02,0.04,0.4,0.78
0.394927116392077,0.0595481806402143,4,11,4,4,FALSE,FALSE,0.04,0.04,0.04,0.9,0.82
0.474002549756154,0.0289548565686242,5,11,3,4,FALSE,FALSE,0.02,0.02,0.02,0.48,0.9
0.461943168942681,0.675623311784503,9,12,5,5,TRUE,TRUE,0.02,0.02,0.04,0.52,0.72
0.431836918150208,0.00457468278508943,7,12,4,4,FALSE,FALSE,0.02,0.02,0.02,0.78,0.86
0.516779765833317,0.149359731717693,9,13,4,5,FALSE,TRUE,0.04,0.04,0.04,0.38,0.86
0.436815866304566,1.41178602763719,10,13,5,5,TRUE,TRUE,0.02,0.04,0.04,0.24,0.26
0.433663933487469,0.297154180195199,6,12,4,5,FALSE,TRUE,0.04,0.04,0.04,0.5,0.84
0.414363202724963,1.16763049058317,10,12,5,5,TRUE,TRUE,0.08,0.04,0.04,0.54,0.7
0.427767843091292,0.0441542941108564,14,14,4,4,FALSE,FALSE,0.02,0.04,0.02,1,1
0.445451444929122,1.04727682979628,10,14,5,5,TRUE,TRUE,0.04,0.02,0.04,0.42,0.84
0.470557915319215,0.0646331434705516,7,12,4,4,FALSE,FALSE,0.04,0.06,0.04,0.96,0.82
0.442216694588496,0.390797853769258,10,12,5,5,TRUE,TRUE,0.04,0.04,0.02,0.7,0.98
0.447065186888159,0.80655432300719,6,14,5,5,TRUE,TRUE,0.04,0.02,0.04,0.94,0.98
0.382706661749105,0.340055868665599,5,11,5,5,TRUE,TRUE,0.02,0.02,0.02,0.04,0.64
0.380037915356268,0.0880931686431585,6,13,3,5,FALSE,TRUE,0.04,0.02,0.04,0.98,0.88
0.426120729612583,0.742094659794981,5,14,5,5,TRUE,TRUE,0.02,0.04,0.04,1,0.92
0.499220995140137,0.918763913936656,7,12,5,5,TRUE,TRUE,0.04,0.04,0.04,0.84,0.8
0.523051354397095,0.266842777725146,6,13,5,5,TRUE,TRUE,0.02,0.04,0.04,0.86,0.78
0.556518106474627,0.305997010238324,45,22,5,5,TRUE,TRUE,0.04,0.04,0.46,0.96,0.98
0.495739004329767,0.183241043732068,3,13,3,4,FALSE,FALSE,0.02,0.02,0.04,0.62,0.56
0.489928539601045,0.933080230392676,10,15,5,5,TRUE,TRUE,0.04,0.04,0.02,0.84,1
0.513616902414783,0.0636655327962781,5,12,4,4,FALSE,FALSE,0.04,0.04,0.02,0.6,0.94
0.466002818250961,0.243261717864879,7,12,4,5,FALSE,TRUE,0.04,0.04,0.04,0.98,1
0.492284598098531,0.404317763656866,4,11,4,5,FALSE,TRUE,0.02,0.02,0.04,0.3,0.34
0.426596798458198,0.724129013395597,5,12,5,5,TRUE,TRUE,0.02,0.04,0.02,0.3,0.42
0.377513254444076,0.522488590487658,9,12,5,5,TRUE,TRUE,0.04,0.06,0.04,1,1
0.392565838674475,0.377656106500064,9,13,4,5,FALSE,TRUE,0.04,0.04,0.04,0.98,1
0.46321596147649,0.231361247627795,3,11,3,5,FALSE,TRUE,0.04,0.04,0.04,0.82,0.84
0.40529080296128,0.40267372591331,8,14,5,5,TRUE,TRUE,0.04,0.04,0.04,0.94,0.9
0.387161689636258,0.5408628323347,6,12,5,5,TRUE,TRUE,0.04,0.04,0.04,0.88,1
0.50462606710618,0.367821430905456,12,13,5,5,TRUE,TRUE,0.06,0.06,0.02,0.18,0.26
0.560762251521436,0.472646573165079,13,13,4,5,FALSE,TRUE,0.06,0.06,0.04,1,1
0.464441162175285,0.633211290395807,17,16,5,5,TRUE,TRUE,0.04,0.06,0.06,0.6,0.82
0.495882657905607,0.0439149255711362,6,15,4,4,FALSE,FALSE,0.04,0.04,0.04,0.5,0.52
0.376325927407536,0.245934624959342,5,12,4,4,FALSE,FALSE,0.04,0.02,0.02,0.42,0.72
0.460150251915447,0.253072805851499,12,14,4,5,FALSE,TRUE,0.04,0.02,0.02,0.86,0.92
0.432427540574679,0.284849456336509,9,13,4,5,FALSE,TRUE,0.02,0.04,0.02,0.86,0.72
0.493918335330178,0.223337126535857,2,11,2,3,FALSE,FALSE,0.04,0.04,0.02,0.88,0.6
0.372324706446996,0.281800714930182,6,12,4,5,FALSE,TRUE,0.04,0.02,0.02,0.78,0.78
0.519917639833952,0.0434849218104185,6,14,4,4,FALSE,FALSE,0.04,0.04,0.04,0.34,0.84
0.443052324492954,0.421690555222247,6,12,5,5,TRUE,TRUE,0.02,0.02,0.04,0.78,0.48
0.443119353249302,0.478409234320075,7,13,5,5,TRUE,TRUE,0.06,0.04,0.04,0.54,0.36
0.479838252555348,0.496904894559695,12,13,5,5,TRUE,TRUE,0.04,0.02,0.02,0.74,0.88
0.369219837922998,0.524454119868217,6,14,5,5,TRUE,TRUE,0.04,0.04,0.04,0.08,0.18
0.533882648345371,0.279912430379024,8,12,4,4,FALSE,FALSE,0.04,0.06,0.04,0.46,0.74
0.547067515584292,0.115353185681967,4,11,4,4,FALSE,FALSE,0.02,0.02,0.04,0.72,0.74
0.482427875420708,0.61570269057205,8,14,5,5,TRUE,TRUE,0.04,0.04,0.04,0.26,0.92
0.416650586475083,0.0454834954488481,3,11,3,4,FALSE,FALSE,0.04,0.02,0.04,0.3,0.42
0.515011727892124,0.149155485216607,14,13,5,5,TRUE,TRUE,0.06,0.04,0.02,0.88,0.94
0.426374592768142,0.133110319191345,16,15,5,5,TRUE,TRUE,0.02,0.04,0.02,0.86,1
0.432366920450297,0.35544458356045,4,11,4,5,FALSE,TRUE,0.02,0.02,0.02,0.24,0.5
0.446380648280771,0.0114829052212753,3,12,3,3,FALSE,FALSE,0.04,0.04,0.04,0.8,0.66
0.407295430699697,0.450258353178794,6,12,5,5,TRUE,TRUE,0.02,0.04,0.04,0.52,0.8
0.414590323252443,0.387135839211814,14,14,5,5,TRUE,TRUE,0.04,0.04,0.04,0.38,0.92
0.479957952166123,1.2267772842128,5,11,5,5,TRUE,TRUE,0.04,0.04,0.02,0.86,0.92
0.391427344143918,0.0459190321972496,5,11,4,4,FALSE,FALSE,0.04,0.04,0.04,0.8,0.82
0.429389387133887,0.390984623070061,6,13,5,5,TRUE,TRUE,0.06,0.06,0.06,0.98,1
0.506549049084678,0.211900981160673,7,14,4,4,FALSE,FALSE,0.04,0.02,0.04,0.9,0.88
0.437534000937172,0.135022457708761,4,12,4,4,FALSE,FALSE,0.04,0.04,0.02,0.68,0.52
0.495883110235851,0.0511089653313774,4,12,4,4,FALSE,FALSE,0.04,0.04,0.04,0.88,0.8
0.497183837252679,0.236593698433481,6,14,4,5,FALSE,TRUE,0.06,0.04,0.04,0.3,0.4
0.472325849225185,0.10839773401309,5,11,4,5,FALSE,TRUE,0.04,0.02,0.02,0.14,0.22
0.545301328612006,0.0668334993304147,3,11,3,4,FALSE,FALSE,0.04,0.02,0.02,0.62,0.54
0.429859612320806,0.142595648220716,5,12,4,4,FALSE,FALSE,0.04,0.02,0.04,0.7,0.82
0.52673367961994,0.43835296276431,10,13,4,4,FALSE,FALSE,0.04,0.04,0.04,0.92,0.86
0.504380188391819,0.744884737519553,9,12,5,5,TRUE,TRUE,0.04,0.04,0.04,0.66,0.86
0.461876828910165,0.090496598468929,5,11,4,5,FALSE,TRUE,0.04,0.04,0.04,0.84,0.86
0.551183303522261,0.256231113638746,4,11,4,4,FALSE,FALSE,0.04,0.04,0.04,0.2,0.46
0.428519708944429,0.329288022707195,8,12,5,5,TRUE,TRUE,0.04,0.04,0.04,1,0.98
0.464413374425918,0.300400946867512,4,12,4,4,FALSE,FALSE,0.04,0.04,0.02,0.5,0.26
0.489660481544243,0.180678072753604,8,12,4,4,FALSE,FALSE,0.04,0.04,0.04,0.22,0.08
0.423855473792975,0.326788021245018,5,14,5,5,TRUE,TRUE,0.04,0.04,0.04,0.24,0.92
0.519593870771369,0.568476935439558,7,13,5,5,TRUE,TRUE,0.06,0.04,0.04,0.92,0.78
0.455896973045634,0.297511774553556,17,15,5,5,TRUE,TRUE,0.04,0.02,0.02,1,1
0.485172822878716,0.0630361142362266,4,11,4,4,FALSE,FALSE,0.02,0.02,0.04,0.36,0.76
0.443081723374213,0.34529570858495,7,13,5,5,TRUE,TRUE,0.02,0.02,0.02,0.32,0.56
0.507330810342318,0.450343853251897,12,14,5,5,TRUE,TRUE,0.04,0.02,0.02,0.6,0.46
0.488571357228184,0.320327905618634,4,14,4,5,FALSE,TRUE,0.04,0.04,0.02,0.84,0.82
0.51274457112811,0.184711074088678,9,12,4,4,FALSE,FALSE,0.04,0.02,0.04,0.22,0.78
0.500704814966454,0.112535816479346,9,12,4,5,FALSE,TRUE,0.06,0.04,0.06,1,1
0.502493119061971,0.481483523768507,10,13,5,5,TRUE,TRUE,0.06,0.04,0.04,0.24,0.54
0.429765963621313,0.497404982210192,7,12,5,5,TRUE,TRUE,0.02,0.04,0.02,0.48,0.88
0.493151959630646,0.145236549482029,4,12,4,4,FALSE,FALSE,0.04,0.02,0.04,0.46,0.32
0.468018728092922,0.889883457938153,7,14,5,5,TRUE,TRUE,0.04,0.02,0.04,1,0.96
0.450924584159211,0.345673031150362,6,12,5,5,TRUE,TRUE,0.04,0.04,0.02,0.96,0.9
0.509338996978265,0.488341953040829,14,14,5,5,TRUE,TRUE,0.04,0.02,0.02,0.26,0.44
0.45628910673512,0.200652941534252,8,13,4,4,FALSE,FALSE,0.04,0.02,0.04,0.56,0.76
0.51808810553499,0.0219292520920942,4,13,3,4,FALSE,FALSE,0.02,0.02,0.04,0.54,0.86
0.411782786663664,0.303937340904718,6,13,4,5,FALSE,TRUE,0.04,0.04,0.04,0.6,0.74
0.471205937076533,0.440995278704683,5,11,4,5,FALSE,TRUE,0.04,0.04,0.04,0.4,0.4
0.400764225862039,0.00386926364265561,6,12,5,5,TRUE,TRUE,0.06,0.04,0.04,0.9,0.88
0.499070402279528,0.0165938370515399,3,12,3,4,FALSE,FALSE,0.04,0.04,0.02,0.14,0.24
0.474012829857733,0.149864030809076,5,12,4,4,FALSE,FALSE,0.04,0.04,0.04,0.88,0.98
0.484354548956541,0.643850695789081,7,12,5,5,TRUE,TRUE,0.04,0.04,0.04,0.2,0.96
0.568536301286834,0.493848662525537,5,11,5,5,TRUE,TRUE,0.04,0.04,0.04,0.88,0.94
0.469668766846737,0.01820762636773,2,11,2,3,FALSE,FALSE,0.04,0.02,0.02,0.52,0.56
0.44335385072973,0.0830229840401517,8,12,3,3,FALSE,FALSE,0.04,0.04,0.04,0.56,0.94
0.504947665273987,0.443663848629706,10,14,5,5,TRUE,TRUE,0.04,0.02,0.02,0.78,0.94
0.434588178028958,0.08261216925069,8,12,4,5,FALSE,TRUE,0.04,0.04,0.04,0.64,0.82
0.48067050069562,0.124069754454891,2,12,2,3,FALSE,FALSE,0.04,0.04,0.04,0.5,0.22
0.485966447646102,0.342010210067528,64,22,5,5,TRUE,TRUE,0.04,0.06,0.34,0.62,0.62
0.477180282493446,0.822253730853269,14,13,5,5,TRUE,TRUE,0.06,0.04,0.02,1,1
0.461595653771779,0.341813440224434,9,13,4,5,FALSE,TRUE,0.04,0.04,0.04,0.86,0.92
0.514450578734769,0.267736151742079,5,11,3,3,FALSE,FALSE,0.04,0.04,0.04,0.48,0.3
0.42871020162154,0.109026464325726,8,13,4,4,FALSE,FALSE,0.02,0.02,0.04,0.6,0.52
0.483738297497404,0.0242717743498577,2,12,2,4,FALSE,FALSE,0.04,0.04,0.04,0.48,0.7
0.458940514694583,0.272679452020053,3,11,3,5,FALSE,TRUE,0.04,0.04,0.04,0.84,0.84
0.48727475160967,0.149913392770566,3,11,3,5,FALSE,TRUE,0.04,0.04,0.02,0.98,0.92
0.451779303771694,0.322780510210047,10,13,5,5,TRUE,TRUE,0.04,0.04,0.04,0.16,0.74
0.44628288128,0.362857413355806,3,11,3,4,FALSE,FALSE,0.02,0.02,0.02,0.7,0.88
0.46354220344313,0.104547983441963,2,11,2,4,FALSE,FALSE,0.02,0.02,0.02,0.08,0.06
0.467067950749613,0.664490698420924,8,13,5,5,TRUE,TRUE,0.04,0.06,0.04,0.3,0.66
0.421273740975879,0.339057973242378,24,17,4,4,FALSE,FALSE,0.02,0.06,0.04,0.6,0.78
0.441670324749628,0.17205452541526,10,13,4,5,FALSE,TRUE,0.04,0.04,0.04,0.72,0.66
0.491221517298502,0.387168753084517,8,12,5,5,TRUE,TRUE,0.04,0.04,0.04,0.98,0.94
0.399834048086726,0.578835661615668,6,13,5,5,TRUE,TRUE,0.04,0.04,0.04,0.84,0.86
0.435702088812221,0.389368058412465,14,13,5,5,TRUE,TRUE,0.1,0.04,0.04,0.94,0.94
0.43759375943035,0.556508017646537,9,13,5,5,TRUE,TRUE,0.02,0.04,0.04,0.52,0.44
0.500910812703214,0.0808378757942183,3,11,3,3,FALSE,FALSE,0.04,0.02,0.04,0.88,0.84
0.455332515170986,0.137175761287231,28,16,4,4,FALSE,FALSE,0.04,0.02,0.06,0.9,0.76
0.480464548510949,0.00832531455244556,5,14,4,4,FALSE,FALSE,0.04,0.06,0.04,0.48,0.76
0.443857153814804,0.0271308882262615,3,11,3,4,FALSE,FALSE,0.02,0.02,0.04,0.22,0.16
0.42021800455208,0.405796414335644,5,11,5,5,TRUE,TRUE,0.04,0.04,0.04,0.62,0.46
0.428223824419894,0.761492558380229,8,13,5,5,TRUE,TRUE,0.04,0.02,0.04,1,1
0.412287956187488,1.16679053257509,11,14,5,5,TRUE,TRUE,0.04,0.04,0.04,1,0.98
0.543793438715243,0.0643644373369878,4,12,3,4,FALSE,FALSE,0.04,0.04,0.04,0.76,0.56
0.516779647845274,0.250364932249278,12,15,5,5,TRUE,TRUE,0.04,0.04,0.04,0.94,0.86
0.470075814214483,0.254940271616815,15,13,4,5,FALSE,TRUE,0.12,0.04,0.04,0.98,0.88
0.414664715067753,0.409476323325903,13,14,5,5,TRUE,TRUE,0.04,0.06,0.02,0.84,0.94
0.475533401572478,0.28973548027337,5,11,3,4,FALSE,FALSE,0.04,0.02,0.02,0.94,0.86
0.453266130764311,0.00824909697189291,6,15,4,4,FALSE,FALSE,0.04,0.02,0.04,0.52,0.88
0.573191661164201,0.366129301524464,6,12,4,5,FALSE,TRUE,0.02,0.06,0.04,0.56,0.88
0.448611221689237,0.143951376420885,3,11,3,4,FALSE,FALSE,0.02,0.04,0.04,0.76,0.82
0.498143868002845,0.121689706414812,4,11,4,4,FALSE,FALSE,0.04,0.04,0.04,0.66,0.68
0.409756455875544,0.01243361239,7,12,4,4,FALSE,FALSE,0.04,0.04,0.02,0.28,0.98
0.52270355783516,0.221307323787343,5,11,4,5,FALSE,TRUE,0.04,0.04,0.02,0.46,0.5
0.484024763529739,0.120296082697246,3,13,3,3,FALSE,FALSE,0.04,0.02,0.02,0.88,0.68
0.462082742592359,0.269247166813214,6,12,5,5,TRUE,TRUE,0.04,0.02,0.04,0.44,0.76
0.377943084792622,1.18473048285207,12,13,5,5,TRUE,TRUE,0.02,0.04,0.04,0.06,0.82
0.488460934376893,0.341367642163409,7,13,5,5,TRUE,TRUE,0.04,0.04,0.04,0.9,0.52
0.408639397991421,0.463732563065452,8,12,5,5,TRUE,TRUE,0.04,0.04,0.04,0.88,0.44
0.501613994859672,0.0346545202676536,5,11,4,4,FALSE,FALSE,0.02,0.04,0.04,0.56,0.72
0.442366075849031,0.0726528165656575,5,11,3,3,FALSE,FALSE,0.02,0.04,0.02,0.4,0.36
0.414150817771004,0.59668544123661,10,12,5,5,TRUE,TRUE,0.02,0.04,0.02,0.74,0.94
0.521579508792677,0.140559486401354,8,12,3,4,FALSE,FALSE,0.06,0.04,0.02,0.74,0.74
0.48693643503423,0.319585543701842,7,12,5,5,TRUE,TRUE,0.04,0.04,0.02,0.74,0.34
0.448064753351531,0.731593811924456,11,13,5,5,TRUE,TRUE,0.02,0.02,0.04,1,0.94
0.452747877142898,0.0499735899256795,4,12,4,4,FALSE,FALSE,0.04,0.04,0.04,0.66,0.36
0.426538676800932,0.148306198149847,3,11,3,4,FALSE,FALSE,0.02,0.02,0.04,0.12,0.6
0.429209606684174,0.195435369538739,6,12,4,4,FALSE,FALSE,0.06,0.02,0.04,0.7,0.84
0.537481796462158,0.573203897854875,6,12,5,5,TRUE,TRUE,0.04,0.04,0.04,0.8,0.96
0.573033174880554,0.839083470061739,7,14,5,5,TRUE,TRUE,0.04,0.04,0.04,0.76,0.98
0.45463368126361,0.0886683246220956,8,12,4,4,FALSE,FALSE,0.08,0.02,0.06,0.98,0.9
0.443970284282172,0.1488438255525,4,11,4,5,FALSE,TRUE,0.02,0.04,0.04,0.62,0.68
0.44707703797308,1.18581169532818,8,12,5,5,TRUE,TRUE,0.02,0.04,0.04,0.44,0.9
0.455430810506042,0.542964110368988,10,14,5,5,TRUE,TRUE,0.06,0.02,0.04,0.84,0.98
0.45613422731824,0.04985331240331,26,20,4,4,FALSE,FALSE,0.04,0.02,0.06,0.58,1
0.414296394574811,0.0209299475777498,5,13,4,4,FALSE,FALSE,0.04,0.02,0.06,0.98,1
0.434971117082746,0.874205155725282,6,14,5,5,TRUE,TRUE,0.02,0.04,0.02,0.6,0.82
0.405759314004596,0.256473274283679,3,11,3,4,FALSE,FALSE,0.04,0.02,0.04,0.04,0.22
0.555997984029908,0.154391057815715,4,11,3,4,FALSE,FALSE,0.02,0.04,0.02,0.52,0.28
0.366779520703053,0.243970227135766,10,15,4,4,FALSE,FALSE,0.04,0.04,0.04,0.64,0.82
0.507236291608074,0.437749915535558,43,24,5,5,TRUE,TRUE,0.04,0.68,1,0.94,1
0.489547388519501,0.238990919131346,15,13,4,4,FALSE,FALSE,0.02,0.04,0.04,0.98,1
0.563501290753196,0.135480864015413,5,11,3,4,FALSE,FALSE,0.04,0.04,0.04,0.9,0.68
0.499441114541637,0.202001686677419,3,11,3,3,FALSE,FALSE,0.04,0.04,0.04,0.86,0.96
0.480802765710802,0.237099641309289,4,12,4,4,FALSE,FALSE,0.04,0.06,0.04,0.98,0.96
0.507485162096829,0.677745006273259,11,14,5,5,TRUE,TRUE,0.02,0.04,0.04,0.48,0.74
0.460040750057139,0.0341249357671445,5,11,4,4,FALSE,FALSE,0.04,0.04,0.02,0.98,1
0.392416447323169,0.262923499263844,5,12,4,4,FALSE,FALSE,0.04,0.02,0.08,0.96,1
0.465944341380045,0.479103888304348,8,12,5,5,TRUE,TRUE,0.04,0.02,0.04,0.74,0.38
